64 4
92.89241020449305 30.345376018105206 1
23.689961933628457 29.88779226823215 1
34.89226028451057 74.6074239807112 3
52.496577630553475 27.80809330365599 3
14.01008322397388 9.360928744650533 3
74.28402394112418 1.9825342412780667 2
42.99035143490618 56.970054848339316 1
97.95372317892031 30.276122276907756 3
17.091542738140785 57.76134798499947 2
39.258265850027726 27.070464012147077 0
63.120556513842516 1.633611922116407 1
50.25180153242238 48.614015759204634 3
75.89364606732019 59.38370800960201 2
99.27272108285987 19.393592838970207 3
69.44614479219491 76.48066424901978 2
47.8994216858016 34.126821853205136 2
93.80547516997197 97.612703284184 2
55.20001320509238 93.23573684940762 0
27.062351985050228 86.25700257700332 1
16.653606055251778 59.83676236855031 3
65.69366576976276 73.84419010930833 0
15.043002229280289 46.68917891672515 2
92.31536862896549 35.95976541755795 1
54.64333865236214 7.556310476190142 1
35.965168564989355 33.434406415310356 1
94.22987664738956 15.276519622870389 1
25.669328934316948 80.03122730329953 1
46.96224892940106 20.248010364515213 3
94.46368761721696 0.24691258388009896 1
17.6660356710876 41.02511510369169 2
83.88335337533516 25.108363755676123 0
62.6759441772897 74.78213006038294 1
14.569756770669972 85.94233345596311 3
8.36184785945482 86.18901095214082 0
98.05819153966247 27.987869755337492 1
84.06519990401718 28.27913897212282 1
26.725903949381802 31.5578342101724 1
56.02501805653661 80.36559754951175 2
45.98366430811966 91.72749152538336 2
66.33864930869923 83.6981501614418 0
46.799031824148706 1.3839983126308963 0
93.56537910607706 88.03791248797049 0
67.27517435183891 46.35363326437266 0
85.84493562232964 45.86957607504657 0
23.61856483329087 68.65926937792138 2
23.590433324733517 87.83863300588813 0
88.22499354892591 63.220306445350516 0
26.04255329805464 2.8275035035548957 3
89.99074271963784 43.18913860632151 3
82.88373203824018 28.695586719740028 1
22.884405251352113 48.23041043003311 1
25.172375697015916 3.07219428266724 1
92.5675463653057 53.4510389130775 3
65.10022828884782 38.75620529313123 0
65.54393788017983 38.97712487410109 1
54.40534398458655 38.63542271995398 0
73.46230789807511 5.930081494586137 1
16.12623970126591 25.01410954881501 1
59.98253833632374 76.41600846468563 1
62.08890734802872 35.810706198308054 3
67.41005096247947 29.94782166611165 3
43.33214670862132 64.8868889457772 2
79.27002160003099 23.126061962403178 1
71.22509435006864 1.3902203295466986 1
