128 4
88.32055629237362 4.259972680857449 3
16.769280147532317 89.40625945442211 3
29.316182647020817 77.5750143767332 3
9.107896523454684 54.13004311463414 0
75.31313921734206 60.04991894578395 1
42.989120898838976 29.971887336216184 1
40.58548229854529 44.45043805337016 0
26.30079433983431 84.34427475183426 2
54.55335936622924 21.30411430180835 0
3.534854189712644 78.7319706306733 3
95.30005154339143 89.39258904123606 0
95.31792444698863 42.344637980911514 0
18.833370288198193 33.06951905237262 1
41.84730192920239 91.07697086054304 0
66.81973790572778 97.91470028444247 1
52.09047164345893 1.9465289073454128 2
6.458093828156897 1.1933415713658801 3
9.753106593035266 83.86630162330185 0
0.18030955962927697 76.29935220757432 1
8.981706139630896 8.83749548238053 3
12.893297065150122 32.95508691474973 3
77.68351945306598 26.729071145116933 3
62.25773827334131 58.55505466235754 2
84.46370317992358 16.75407665529367 0
41.91172929102295 75.40185510149418 0
9.876405176240654 27.31350530592249 3
16.316337860982333 88.97433009550798 3
88.17497640883259 5.626750562984051 2
37.50572103812652 32.75597135907407 1
52.80200955854467 95.09121334219053 1
8.540622562400046 60.57503614581552 3
18.737407420399954 6.583969050864225 2
53.091372291126845 73.24625035518832 1
85.46040722444866 75.49525427577599 1
13.444989895242465 86.42048469882829 0
98.3615142146606 38.60733146290405 0
52.87586606344914 93.05821373991286 1
3.4525856318630477 99.49396888466715 2
11.427033196613456 73.64712077047368 3
80.12626211819166 19.9970256363741 2
16.704779911201094 26.826722986810047 3
62.393567414780634 85.1937677508684 0
6.4227846016946755 57.24556148638625 0
23.744094228165626 57.1801222489419 0
47.93089259485244 55.506169473471054 1
8.623130437176629 28.431997526517684 1
67.57873306219977 80.02447899768012 0
92.45769384378076 36.866516384207 2
2.367170771646643 70.24698511140704 2
61.392690308498224 84.74738134236495 0
53.37332209668948 86.61696559411918 0
82.03319288505281 45.527677067254814 0
27.60358203119092 4.7562600010160665 3
58.861273248020986 51.93420650263769 1
81.79495644600858 8.198869496095629 0
36.2831889903808 0.027830959561925273 1
62.347442483585894 61.746591438248146 1
43.08713195083105 44.82285068660485 3
16.552976782458483 43.90081867447603 3
54.95692972655457 68.80619990345865 2
31.941225398688967 66.90271755063665 0
75.00646246898144 31.001461996439218 0
82.14079744750255 62.673216156396194 2
20.849044843375975 0.5039293063988426 0
64.06798346138328 46.38552012454347 0
80.23273901187984 61.41770304902375 1
60.512932011317965 49.79842297100294 1
9.310846698513743 52.360119620739134 0
74.99324969797259 88.84717027959368 0
38.502291560271914 53.20100555784111 3
23.4248241597697 65.14041583679241 2
4.816774043456784 55.15132278627036 2
72.32868894271579 89.96952162822461 1
71.4978965884128 56.25769169119005 3
52.67919873906648 62.81677784526095 3
76.95518779921427 62.066059754815704 1
22.54796227694058 74.45952070920589 1
21.908430384195544 86.0203500353481 2
0.5845308601008514 5.60607720145927 1
59.18864482384504 8.921618936305576 3
51.23414116677637 12.394786109696998 2
83.81803534884381 33.3980561722218 2
93.82390552863478 50.87084832354638 2
26.691808494606285 59.51988038748123 2
25.27123854000777 57.76021510682513 2
68.53571552969672 17.032467738478342 3
80.67506853494301 87.43477441483138 0
16.301327781698284 21.50638851737855 2
13.018756587367053 40.66105615717513 3
58.03667268723387 52.2420643892944 3
52.97269537628153 78.31080858690297 3
42.37651593479496 1.2209045506949345 3
56.30901702727083 65.0765366616752 1
11.589755793780633 45.03250311668639 1
34.496816067252965 77.71539992527832 2
13.50364194933642 61.30987161966883 0
64.55828548929796 51.8093359711565 2
86.09068458617404 2.6778206770206037 1
42.925859330048624 39.18786677392328 2
88.58239431657111 95.28920147512191 1
49.31689068095658 13.412008768864448 0
37.158062814555336 30.2505878384451 3
23.56398339459016 27.264049342318376 1
85.65890756910373 48.98510359124215 1
78.6470941471526 88.54570718976585 2
69.31178500038884 25.71127916459295 3
7.579897187214568 63.06533322810429 3
11.559987152879025 24.811013229851962 1
3.041607441138394 6.46651937627375 0
98.37375417048445 19.776818190048594 0
67.61701025741736 39.79223951462233 3
35.36018805047178 89.89826879152555 1
28.707276083951918 0.7106168428282045 0
80.80154337532565 0.6562167012289843 1
95.80420363623617 10.221160015340336 2
4.541699852980252 25.523601230169767 1
73.68661791784587 86.54867825229219 2
66.7717232724858 4.568077721971564 3
86.60329730569042 11.192998793359488 0
35.82920622585342 78.53144762619846 1
82.15128872204134 94.27908706669461 1
73.52177429472783 43.04698840390415 2
70.71681500262346 14.422364157416844 2
49.42058768558226 15.447499598967108 3
3.103992000501332 95.74149657302593 1
30.26246954388917 7.458639276196588 0
90.55358618088117 18.67794193813025 2
7.982537012779667 93.69537663652737 3
