256 4
45.77993844057537 58.90202799280881 2
24.108286768693144 98.1267988827139 2
65.1455673964249 92.66072111035032 2
22.59867853847297 75.55880889881999 0
42.35682150506429 92.29180657267531 2
3.4319409626183295 68.15588540012585 3
93.59812449120382 5.0944070067233005 3
43.39490270860548 39.25077308566567 1
16.546903574114914 55.67064931649891 3
7.095821593479224 90.54623168051496 3
59.57759786314656 10.243410456154178 1
76.85213581751802 63.78456657027104 0
3.131076640010799 87.874300360407 1
99.4260494924639 49.25469188791023 2
14.601774898349396 84.90636153421865 1
7.2927004992279665 60.19559969442388 3
72.92277418561268 95.90284320801355 0
12.988437812071973 36.66348311182232 1
60.67044477922742 1.5491127889148193 0
9.564949967957892 39.70236462386736 1
62.02972212408802 28.201140433868478 1
75.7001666703878 30.784579555606363 3
12.662481624410582 32.883002928930914 1
59.26609401899625 16.464035425809076 0
16.8743992864028 74.78748739134934 1
53.99776269470493 16.21682724005803 0
52.03338342731535 4.680855535107509 2
12.556576226590755 2.834101261264199 3
14.30500238159479 77.07241943736854 3
20.541087965710126 80.09070388379833 3
41.8810746824947 81.71025762665877 1
89.91423991512944 41.71008878700133 0
31.51142608661115 21.643924788855706 1
27.623267636416436 19.176731686885397 2
56.66882137558744 90.61575104916979 0
61.310489732701434 32.133966829764994 0
3.4279726457661086 99.18636261567417 2
29.541753352276135 69.54346166424745 2
67.43634800291281 93.92771311288428 3
2.983111705366659 21.045051786366585 0
79.75666080535994 33.277034305271194 3
75.01922000513814 77.39970322218387 0
8.358946674951017 34.28107170258801 1
17.506568254405163 70.85434381842938 1
77.48512318311262 59.59380782971697 3
35.59899042427615 53.32872108381865 3
51.08372530787661 83.67176843200114 2
3.79514370137799 41.52678312746904 1
45.830269576153086 4.547499066317218 2
93.0518797728432 4.686497450251514 3
50.91633385180446 4.79990806816506 3
29.711998228771318 34.76848908566621 0
75.29840385283111 13.266435482679562 2
5.456673680153035 23.21432830700142 2
22.8207387960938 60.07713819191519 0
34.91585156934796 91.41796792845341 1
92.9281836589677 67.9753386109348 0
25.574114180541574 72.34103997201112 2
97.36169910516469 31.191085356843086 1
12.952615082646668 43.95969032415788 3
14.973488685585812 35.01737167874421 2
40.24261637152316 45.58160965971836 3
65.86506470225908 32.284169921170225 1
30.51851476460331 15.026743753416538 1
59.6585352553739 40.96180981041966 1
75.56495504905462 53.34169756905731 2
38.593868856279535 18.271472032772383 3
42.54224842394652 80.21630152851067 1
9.746261226368159 11.421023582800272 0
56.47363797002326 41.59181451132458 2
35.298783234232666 11.516911451132062 2
90.29485664421021 87.75556132642377 2
70.4761805402208 54.68206702164567 1
44.640121522980095 13.892036185403278 1
35.929941499909376 90.73258011906596 1
9.06269510530614 87.61624112086707 0
77.7375274981503 24.781386963104346 3
90.62171151418507 90.95331173032038 1
89.94163297188138 66.52024637203039 2
85.61491942366017 61.14968315005835 0
59.40913963157567 36.99231291677839 3
65.15949073307942 79.81508593895946 0
64.84136290531329 15.585744519498434 1
51.09901529028341 6.941542701891768 0
99.25920044097475 71.2666521743558 2
56.850160373350256 5.082119849299649 1
84.05011923542341 78.7525117931671 3
47.632116889930664 1.8890342081635092 1
37.06071966227652 4.295617089495051 0
43.394749557351396 85.94091039797888 3
56.520306202874416 63.57892739983494 0
67.86202585072705 34.55740759661864 0
69.81196163687852 91.98961492736314 0
43.12354968020266 33.41682662840575 0
53.73981913610076 50.15429848606991 2
87.98691839971879 0.5887652703266522 2
46.37987708507912 50.066467980160056 3
97.7432556096267 12.10226737350787 2
99.51704256043465 54.66946257832289 2
25.10817817540235 21.83241806293682 0
82.03273592137148 62.634105965216655 3
82.09504076934722 85.39183422110368 3
62.83064381593698 67.22422568717799 3
74.39919378738416 83.90927386448324 1
9.63882351318366 26.381368797263526 0
35.6602202436301 17.762993931533245 3
50.155163986973264 51.212737872157255 3
32.301472312074154 87.1786509933562 2
86.72036950863554 8.669512659130385 1
37.924410519947806 67.78864679966259 3
15.881796760349676 4.352577904902466 2
95.5763112969817 35.926291195845636 0
51.94568107134058 27.242031007915458 1
20.102875505813444 11.21718951113876 1
29.585420635838943 95.83989589986783 0
8.355292044768836 74.91789054621965 1
5.912902576249335 48.99350416980267 0
48.77583763305561 97.06414019422147 3
49.404017371265915 99.99934876269022 0
54.80754823822609 45.95067819251641 1
53.2136673849838 39.766527395605344 2
20.631272455600282 12.968491069909593 3
1.3119309994082617 51.804236588770415 2
49.53116617828687 51.610781433367215 2
8.772767434315698 26.86182770820539 1
80.9051860917598 41.70706476001178 0
59.6931293684182 3.5402984607833643 0
8.414508609764216 38.49550162307174 0
86.79349477390572 61.94599690378725 3
16.087433514957695 55.11712586672019 0
19.267263554465874 51.06120951466442 0
63.33739412854078 79.43947313989158 2
17.44513453293258 57.58872859772427 3
12.140181086415891 24.091158579320084 3
80.74487695270216 8.391768209100947 0
54.657172840863765 1.461418286437377 0
95.28058309254023 11.753960486263527 0
13.025183108044768 81.4801439475165 3
70.62309936875342 79.74617849343149 3
33.97084690458614 20.693218797798362 0
66.02737328209028 10.635953382057451 3
65.00185225036329 60.55571951854735 0
84.33507953147775 19.06659551547103 1
55.50530213224201 39.581725405198995 1
37.63714450353272 12.38749316613582 2
36.47260003635434 56.661613781673125 0
67.78561767978105 29.287515052227143 3
19.14741963581753 88.15275787143517 2
22.492943036783686 41.961011514201495 3
66.54323728849309 29.186162703803188 3
74.9492737738384 28.046657280369867 0
3.333031250389795 45.25365194798078 0
76.48097765404358 20.96662586252618 3
32.3000092448017 49.659114533173344 0
7.849166670589369 57.28826284620906 3
49.92340297218432 35.017005354450305 2
71.47557533267113 73.46296459400237 1
3.0785963828582674 18.134904363922345 1
35.69760399616142 94.01400094995584 2
87.5933933246104 75.79276754356621 0
83.98296867450516 70.42246722971514 1
49.265341188642495 41.73990517193465 2
42.45382366853846 55.4076104194274 3
69.17509320671023 41.126516019491945 1
23.9289919926878 89.87831776344471 3
95.625372176407 38.367707781290974 2
75.51270304076418 30.128130094931993 0
89.97152477946577 8.056908607052138 2
47.56411379377226 34.449077473814185 3
57.0831871840349 37.768148239453716 1
6.459323288379181 71.63739944419012 2
14.114609175439208 94.16264416296401 1
1.5457950489241368 85.02484916233813 3
48.4226061423891 67.37134601742409 3
43.24314667383575 40.831222528846666 2
58.275292762765076 61.841594461155225 3
25.596165797047675 61.593498849039186 1
64.26702391125717 70.43925618994979 2
12.678103055039646 39.328461077207976 2
50.15477466348174 45.61485856614912 2
7.323876682692731 93.71921720040189 2
9.687979444077953 61.39769955281966 1
77.5390441411724 90.844540902032 2
88.07740869853653 23.7008963156107 0
25.655689166835426 17.547876540856954 2
25.57764945162041 21.10769498639513 2
28.47135207029554 99.3962430959232 1
4.261626879251235 16.58322389600333 0
7.190485486492937 77.55741118136851 1
15.579743655023071 91.8109776202842 1
99.21399243817379 21.205631393989577 3
91.81614916906327 69.69959156498857 3
96.5612722292154 37.66355380947344 0
86.89193091961543 35.99421819624337 3
61.74961729872567 8.209408191640467 0
85.38900642951137 50.189036861502665 0
15.473971882980885 25.23336911606534 2
53.58714457292645 72.41200341324715 3
93.97597610518741 52.05250022685396 2
96.77771889261867 25.21909151607068 1
54.512789263730276 80.56971889895834 3
89.53054855241753 31.002348377361557 1
68.4891867635933 51.166959504702284 3
6.219289608178635 37.99743892422761 1
48.24616251913485 85.5411057879458 3
98.90656603787626 1.9989245095715757 1
9.59335210952731 24.905348723777266 2
16.135766807009233 45.22394024730825 0
15.844237577030174 61.650704132414226 1
13.926111675140984 4.417482894316316 3
97.49670680165096 15.121038559787635 0
81.9505065317798 55.78019933940382 0
47.70572460038739 83.07444524716283 0
79.36449997599051 79.16253534434965 2
5.963802997841716 1.7291165635079597 1
97.37395016580686 56.29677257581863 3
62.42179165071747 41.52141145523564 0
37.41734401131392 7.311890907553941 0
40.55991717568745 28.630603511352348 3
45.71562032619831 90.44680098256849 0
26.119482906038492 88.75357161316441 0
1.6418538847558284 93.9422571136213 2
98.52108327069418 15.715956446503254 0
51.633593416429534 49.19456046261447 2
10.353157420461379 54.99718155906914 3
78.46763410284608 50.120686180417586 1
66.01994282667629 3.342337898511938 3
23.82361751040666 90.63148858941653 2
35.017440878896636 44.682978706578155 0
99.36794555720209 27.203071728855534 1
39.91198890994239 65.91201292914259 1
41.03490995385943 15.938027727352589 0
89.75123591426436 47.958811113094036 3
22.001802787107817 35.48998669839543 0
19.928028324330725 16.562272906498343 0
11.36792805884641 30.220314971259143 1
0.7848697322185738 27.43812175836754 2
4.342964705053842 6.709537343180793 1
27.794399304249072 68.24247633466912 1
55.682667551530955 57.499061128465215 3
90.63526771380371 19.220207882247898 0
87.42576194330141 0.36883708846967567 3
57.246145858963125 26.474321979478532 1
19.529101223130752 44.76337104150895 3
60.52424480184019 88.39174177387873 3
98.34603045248937 83.57689873771432 3
4.244142618116731 18.37129124622535 3
33.14452286963447 30.606864491042884 2
62.95834531125725 10.71755648241851 1
42.08338088859638 77.55531161554255 1
27.36229538762037 76.92005120414287 3
72.76929346337997 86.7609116759774 3
48.340953991326984 40.82993489467385 2
3.30189640264138 34.16038935057254 2
7.88047746198065 45.64510640424202 1
63.1094709818608 71.40614470236399 1
