512 4
85.99582187303724 77.92828300970625 2
10.779743360298832 75.28857275593099 3
18.21747851696428 32.61296098716792 2
35.34350978243861 64.30331475123681 3
76.54443169703505 2.0400428188510844 2
70.25197922091199 69.42715013706916 0
19.167699660546212 94.23972622736315 3
46.41243874640557 89.585338667717 2
59.55975456744521 93.64307250212255 2
24.878920972482632 87.86980850726518 3
28.38381852234233 39.6335812213451 3
74.67548200174271 87.48302267293477 0
74.50128343416654 4.37092626189215 0
8.081859580619488 19.112877989842715 1
52.51380727976206 66.77880810574871 2
52.277093402060736 28.987381139015667 1
34.588930090664824 86.73874823837467 3
76.96724495715749 40.80072060919897 1
82.79502641463158 73.88528114219774 3
21.712773449404544 13.947700876898761 0
9.832078850216075 79.16498472553991 2
64.25286345578694 12.564608617502405 0
71.60079824349732 45.84290492242993 2
46.508526063262 26.52404203478993 0
54.63014814557776 88.33065298480662 1
74.22377772810708 32.822460850512414 0
76.34085276396847 69.56293344466079 0
45.00337169983322 57.24647829065279 0
34.301117308927786 31.113768375230922 0
42.68170499806454 62.64823465503103 3
90.55997069112736 20.059321249170093 0
88.13715994729986 56.67246919664236 1
75.93664071253798 38.63939296176827 2
56.42472308647033 35.64451772302202 1
17.63862703067115 32.41902381905983 3
16.50186165888653 15.477409538121645 1
92.66133621911113 78.63906602166881 3
69.66539492865309 75.21150032381641 0
31.843875072914663 69.72376460804566 1
48.06627734778699 46.335110086964015 0
83.35995931495574 52.79056075582861 3
82.34140600891074 74.63662868562923 2
48.17351581067433 64.4558381012366 3
93.17552993096474 70.42358705556234 0
21.684805459162916 96.42624708825444 1
60.32403601450794 33.97451567105718 3
50.25282946826919 7.561977667693376 2
19.415366967879955 96.60076721840025 1
8.270313939825257 82.84112339319074 3
15.984659132886392 60.460278369969345 2
91.82920622618647 63.620386318451935 1
38.87345364349039 43.614690774768825 1
86.08636166228321 6.368528201065526 1
95.16982928494173 88.1981688159366 1
94.01134213045606 1.294816668312393 0
17.113501570737487 40.84762508698775 1
3.4221515556051463 94.34054616296562 1
45.409956854176855 80.09913125618598 2
56.47326889936893 34.14204964818327 2
27.375997403016527 45.322838961848625 1
4.241100442751888 47.491851113836084 2
92.72857460243962 11.86192930188822 0
11.486710374319632 85.64728633812729 2
54.77611661638798 90.87462601355307 3
40.89539891391346 12.169861393641712 0
19.20894803524301 17.836323173668532 0
68.32880208948909 41.09946479106071 2
69.88815765638327 28.638556387896596 0
90.98549939125847 53.18046292185071 1
92.94346816099888 56.46263533208623 2
1.867319269051304 32.056167258714886 2
57.46617779392839 79.74835885135693 2
77.29337171230026 97.62000050197727 1
19.208877053515106 21.726174482759397 1
49.397471056852304 72.24261654731224 1
34.25023105746733 82.60369099270768 3
35.49337706430759 15.825780507476473 2
3.552210969836378 76.73690985906951 3
66.55130465212514 37.12636554581741 0
23.193450310275175 79.89623825314271 2
19.738024469554638 61.000615934988325 0
37.4902257571125 10.855873265659577 1
91.52358511924517 41.67671588042449 1
79.07085844044475 17.78929501872586 2
77.51219724129031 12.245633293722214 0
13.098577980333593 54.81765525660182 3
47.66468357106722 87.19385850847856 3
12.315947282857865 36.200034803879056 0
4.853867003761348 97.7435868927113 3
21.702202225842417 81.63011334084568 1
5.006420258956412 10.965081309127756 0
11.734967891230575 28.210432923024054 2
97.42226238111725 6.191735330084214 0
89.68479633758977 34.30570063189653 1
58.711449121232015 86.37256581324138 3
68.26339865736178 80.77539200788351 3
95.38720125124192 44.5594158943574 1
98.53563374037051 67.02379228631033 3
22.567750101162176 16.841581036274643 3
63.08144481226318 65.5795228760231 2
51.35802542145298 70.08230836640935 0
75.51065987764206 8.683490950648897 0
15.119673961166502 0.20967471091575263 2
86.4376816036571 38.9188912101894 0
8.92424133237425 36.915269147250186 3
12.63914255991445 68.05328377190469 1
62.0549636796189 1.910580301881526 1
88.44911433523419 34.88286987278371 1
37.08106554785697 64.82934443868645 0
14.573522975530928 80.97761262747156 1
53.69857794803627 96.84082979668865 0
94.28145001595205 47.94590564287529 0
37.96168079267611 16.076126100594035 3
29.436408132612602 42.67761907463969 0
14.241936886313567 16.18691103057188 2
96.11595238944992 1.3082150165797501 0
63.87175558636164 40.05834732010266 3
27.34975442912708 91.6852288861977 3
52.88394558425723 99.80632981429697 3
20.573536274370742 23.636234307459848 1
64.51489045875742 13.119513867488797 3
41.79499585104701 57.48742230541593 3
63.23388484547932 41.08229740920885 1
55.64033886294909 74.45934849329855 0
11.019454513038273 12.914834386575391 2
53.29920928214812 69.53850554776106 0
61.60453014917947 78.84378029501582 0
56.63486144925404 84.66534730124472 3
26.363825587867538 61.316329367484975 0
85.41489956715866 89.18068534514248 3
90.50991105794688 31.900498176801108 3
80.48663654886629 65.42054058597586 1
26.164053483355453 22.207683177392713 2
1.9135365114752334 73.07089896470733 2
90.95280784438671 64.72718767510455 0
35.59711326241513 29.772175252900755 3
78.95557818113016 93.80007393352787 3
29.519804249174776 75.84067506579063 3
49.907499308177606 94.87016714868429 0
12.66838921861968 2.489178233730527 3
26.40957609056429 6.666472035186599 1
9.211608699605634 87.75846159122571 3
68.48578961497732 11.387820994579146 1
26.64344143893822 63.779008622540886 1
9.944299870936224 23.095687524371055 1
88.57182627733408 4.576670402225968 0
62.51629886179888 91.02275190383031 0
11.584501127267677 90.9263644258427 2
7.170512277887619 73.46942288914315 0
15.772103443199303 85.42297220043079 2
15.01742109939329 99.79723939585911 2
26.640799776305702 55.19881059364275 1
62.07284833286862 66.19225257439275 2
21.966692407243915 43.76643729324965 2
68.02095330835105 3.4478144846604053 3
47.79900433476659 16.187811752996208 0
21.678790035472606 6.346145544387472 0
58.358457588607514 5.719254138894325 2
56.76240732056337 83.15342809151393 3
68.87627217755048 35.60157062691901 1
61.99071477645034 10.596962644574015 0
42.14039877046394 89.26041704537452 1
62.40499105360205 66.02692371853658 1
8.11538575026971 64.4669672299008 2
83.6816227588627 52.92776070742023 2
56.29682005103815 56.925436711744325 3
60.60902730962522 60.250206290502064 1
26.20309437829128 43.22892247761987 1
0.28836977334184555 53.60001780753484 0
11.225612742272196 75.26923744244745 2
68.56143756176476 16.304688217394414 2
3.691310865469699 12.835514914463076 0
19.3608062521073 96.19594461755925 2
9.78384524782413 68.16571419376419 3
74.17326638435536 84.17172889012919 1
89.90012837922775 71.53138000111609 2
43.014682394863144 12.171731613735448 0
17.04115516170003 98.54829711790654 0
75.72594608596027 20.736341344374132 0
1.467691399256743 46.96670429301887 2
55.051202633770416 62.91959264887216 2
96.52781548408146 78.90463365258665 1
70.00006645749475 51.84614159893906 3
46.688013051397405 86.0281763220423 3
41.30919591796561 89.77868792686314 3
76.46379477515706 51.37482981949617 1
1.3448116923873488 79.07292571322674 0
64.90909587316158 89.40217769240172 2
45.698849011289596 11.693539496537209 1
49.567100910826845 0.8182088270248244 1
5.334756750920877 8.317163994344057 1
76.81331777751568 51.88706554657868 0
76.55172165781289 6.800994070919408 2
70.01663470393319 88.79308427037758 1
36.20353992116263 19.692208006149414 0
65.4415799790336 40.49131660176404 0
43.99636304603091 44.35024328033992 3
79.82464418267955 32.55986358848051 1
23.031295906288975 46.99488459314842 0
24.38144061505765 40.82922246032585 1
49.59749321374065 6.384983789304033 3
60.10631147482247 6.810799348116136 0
83.85801495122888 40.0849891720476 3
56.99147573455898 80.8181453535005 3
22.33279324761942 30.863624408769674 1
74.7771233623406 77.02882687400961 0
30.489726328474852 80.79201564791181 0
26.900164769717193 49.28503071956324 3
53.30884161652391 48.71571971508474 3
40.978785699600394 1.6968954559561822 1
84.16146316648427 97.74880528806634 1
43.317405372185505 70.77089455385374 3
0.6176004418564585 70.82910900519563 3
10.409770205149327 36.2066743152153 3
0.10475371393418031 5.879993150421681 0
22.138719110199577 58.64104565779948 0
25.18900666008029 85.9307347103709 0
37.48006538567695 67.63408164652745 2
57.08409090606135 40.28734022855218 1
31.839944949439335 90.61129185653225 2
87.22472278149537 78.45049845652144 0
67.66169869552655 2.586438821610859 3
69.61262044242102 39.10319440187108 2
40.4209986437185 15.256016546927775 1
48.46991865294851 82.51049854334372 0
61.719091344290376 18.252269248667595 3
5.021610318458547 82.69969255528663 0
88.58503438031453 44.630026823924574 1
69.08489348331916 98.02232032262887 1
59.573304649294855 97.04253257125985 2
40.354507082453104 78.81015815449231 3
2.2699047010028894 29.152072776419423 3
6.677223773847308 58.80709303558325 2
78.95309145418243 61.7514574263778 2
68.44945260856245 67.0923244305509 3
77.55812565823017 45.74003656802071 0
73.40334226084956 1.7086586455442032 0
98.1860823119935 2.272023311140692 0
38.49297732763187 86.0080886428715 0
58.88647224928264 67.78381894368111 2
94.63603658250148 21.5484667463785 0
24.763527057248 33.0904033633906 1
18.28106512196911 86.99010483816754 2
27.034003324200928 34.7305111111294 3
85.74804228627373 18.310235477024804 0
89.34647589932102 81.61113178487646 0
36.27630654673879 44.73455321929845 3
27.9383926241452 35.36083633307785 3
27.25915201741218 77.03314687095437 3
49.00392059489359 40.21578881724896 3
56.218895896363485 49.73376358079379 3
78.90707543411992 36.37058796020553 0
26.688396722427466 81.35952414873661 3
61.09001867353589 77.82288130568723 2
64.86242179807975 27.184193643112987 1
61.84093796632245 48.45945459713261 3
61.36884421401035 30.842456472693225 3
5.771712302745435 63.29074608165218 1
11.599073843135487 36.58911553790928 3
89.77130368795072 63.00670007240857 0
86.06956811092547 30.43794494072972 0
56.485531561575264 50.171124380076506 3
1.7341599389542939 14.239052350146785 0
93.32954676080696 81.43678912432894 0
41.96826165338844 19.349040252414586 2
91.55693664340647 56.95513917813078 0
88.97781321539719 47.71739157882683 1
5.238900421069781 50.26492224211368 0
58.97363813230757 93.29201641175543 2
3.2119646189940787 4.133002128364948 1
87.9507191498562 20.386248762519966 2
9.341542159974237 92.91671683757498 3
69.48309844683178 37.699906441075306 0
75.90184727527178 30.33516539078266 1
5.674805592049803 16.254445325965918 3
72.78601394517919 25.526838231789505 3
42.80094901458903 47.462895294685204 2
29.622196581727465 8.486337527425313 3
15.26541646470223 82.60259323410986 1
19.842633092336527 72.41773870043642 0
31.467790112672066 44.5776648290727 2
77.43805042947099 48.5472953217134 1
63.80323598896602 8.796635128475149 2
62.56299857609978 35.392106840420844 1
31.32653760065075 30.841208905088024 3
83.1141146346891 40.336181560379295 1
55.59888523893187 26.09163870982024 3
31.497946543702692 43.41429586465917 1
41.05549695992325 51.973019717152745 2
12.422655139224359 25.9952762966425 0
99.26899585647705 85.55627300081751 0
20.37669477208176 80.69976925834652 2
73.04631284359083 44.9014029792851 0
46.268124859026635 89.78853188271377 1
54.5343668768466 72.71831880638867 1
83.71857249842958 12.595586665839908 2
3.641412740888217 25.359032263783156 2
42.72855122552161 66.0887855646244 2
18.44559639739819 81.59923897628309 2
89.19119410757268 66.32838497145292 2
69.4447577218687 77.5041291150643 2
8.397923736418422 68.63935633431053 0
77.7582633842784 67.98655663610157 2
69.25116232785676 84.70378644894689 0
75.98831267368104 45.473352220028765 0
75.45348139748816 36.61832560083377 0
19.969374639742764 22.63305660471002 1
10.773691868738666 48.272108751585186 0
93.25941405368003 46.66793859033709 3
7.850656364080155 49.34640625974838 1
16.104490582402576 14.077470773631994 0
56.34334251210621 72.34877539016261 0
61.36905777802316 29.41336711289719 2
57.77045439484295 62.48357706635185 0
49.57115143277942 76.12493606801306 3
16.261784156019942 17.70003441423308 1
7.198557825735097 38.76624760148396 1
93.6662231442126 6.556745560291965 2
41.067833555981736 78.83081332988397 3
14.4712788423902 74.62713106303669 3
95.46972560902323 26.71136384347993 0
53.59200058068541 36.8697171766762 3
17.86080533287665 22.37022759890086 0
34.49786288801639 72.49451189723698 1
46.334877166615385 12.480859496756647 1
28.862530437921997 34.07691548772321 0
17.75630996804658 43.548109594472194 0
41.76871287861352 47.30852064619465 3
45.952846642111275 39.92711141385822 3
87.11160353403639 76.98771246377136 3
35.13426885894321 10.507485022592489 0
24.330182175364413 75.134760001453 1
57.8551997552437 15.006755375597425 2
85.33330437681414 39.098464000882046 3
25.092731858311502 55.89026976982379 2
67.90235636701219 90.14725370289213 0
25.874206714536584 3.377012998114115 1
28.200717229066885 37.08811760490905 2
64.83422598979041 67.34086723204686 2
74.593657622991 15.37306485334774 2
97.19364464942285 31.913060603865397 3
55.064568887872625 98.35124719854878 0
89.65888029502395 70.281654732117 2
35.17003639313775 94.5453891664963 0
73.03551528287568 17.318213751362098 0
32.4475113191865 24.810544520605216 2
23.40105896772001 26.11128350446139 2
73.73037308375585 20.3493445430589 1
89.07014444561003 31.46019802883524 1
61.65991824471384 14.482829755226788 1
56.527996996291755 85.68943181049093 1
62.347502034522684 37.82311725284412 1
4.219666543804346 70.5435930787059 1
28.58978203515028 89.74372695488256 3
35.65452125523698 52.30404587073926 3
74.55262593652336 90.85743590542404 2
59.16726361056097 72.06473989872228 1
45.18884563401675 19.452449466280697 0
7.459944916421179 95.76595084954246 1
31.00658466060854 99.01723727184711 3
53.36952655940803 58.36766559439827 2
84.18898421808237 4.994651129262495 1
78.1471129389014 83.14869711995858 0
20.09134043449684 13.40846387191167 3
37.07008712371883 77.19168475474201 3
99.47570441205578 93.68890501212194 0
80.81504328165275 76.2237802533776 3
50.73206485363296 0.31384055061275395 2
36.4415268484105 4.385751714774955 3
11.742717093099852 16.29289687514084 2
29.465442629273973 39.763010601692926 0
68.91708784957723 4.143011047892708 2
47.1590467605052 28.337315132651163 3
17.626471068790107 80.73287824509254 3
93.62487472439142 91.10784690336382 0
33.60964895644766 1.4235890253581296 0
68.19354530407364 1.031838716338207 3
72.66598558691699 84.58608257534944 1
23.052561492075917 39.41296018335536 1
30.965349317575775 73.9663953913411 2
81.36494600383934 54.93432954389924 0
86.45271921522352 42.636267056462316 3
69.78915337454035 92.16629030685208 0
18.159134163124946 31.88686706579097 3
30.817206683323516 70.81950609543742 3
88.96013913073755 37.79748469862113 2
69.76763022452822 38.72568428273861 0
2.9301898817684635 19.850727959439773 1
34.77884336530095 66.49997934491608 1
89.5878949246247 50.578775171962235 3
60.001072468462155 30.045577304099048 3
72.87496301172612 58.053382946377354 1
79.86286478816275 2.680046740412212 0
7.549009235359638 67.66607074977728 2
59.8854617535574 32.72914877815458 3
34.242620025735334 32.856511599790636 0
91.35534748602132 34.942734038581754 2
79.37789201746126 30.18044820859066 2
21.848225062061523 85.66817677744723 1
48.353107262296305 91.04008795488099 2
83.53845291632192 99.784731206021 2
30.150625950431444 19.197858733686747 1
90.86972115598535 89.64690521346685 0
89.38928070128055 81.37146121585732 1
12.986109433968373 80.98259954278372 0
0.4074672640730914 15.962900024266846 2
74.28637802616934 12.677623371020042 0
9.695448970501374 85.62194843404323 3
31.84186875708025 88.16671297064313 0
66.81077424421701 28.903600803321805 0
87.24221193738614 97.65155520927443 0
89.37085176978144 61.54114092914946 0
15.155323690483769 85.34349208360985 3
17.286082069226026 58.59077962359777 0
10.570906225056087 99.55049767650614 3
40.24054346109228 11.569684666012826 0
96.40065424510288 29.959689497236297 1
73.62331350543624 58.75026070233575 2
6.800591128404498 52.95611604199596 0
58.684460190431786 23.036051249013155 0
55.122259167340374 64.2074358523782 3
83.74479086828363 6.585165094450563 1
74.78145415166178 33.41517997517977 0
10.176661160524624 37.812383599957975 0
43.12022709495258 87.73985490201451 0
66.50006417633588 56.299179999644046 3
51.6838365228422 67.26829440635431 2
65.83084913168365 73.54566417335194 1
67.37854937071215 82.54063907078037 0
48.49976955770625 52.37516360818019 3
84.72148350595255 85.8302320851167 1
42.16446843450421 7.28177064625134 2
15.691014259387249 21.530462685505704 2
98.88633227314679 98.62163040552545 0
84.52214142060554 14.388781803533867 3
87.28290961524205 37.68279246231573 1
91.46365353846528 66.09866728493446 1
38.70405044612184 33.48557942821061 2
84.39697704646701 45.83655232757309 3
2.7353004037956152 69.84891633274782 0
60.202138104743376 24.448372094855554 0
3.8613796410335466 82.4020345225424 3
81.91030360338158 39.13999797838942 2
62.25521821125511 82.29528984337199 0
53.455841275364044 36.092834386057184 0
54.506057959812395 75.97731653405768 2
45.64925136102779 48.08107594717127 2
31.432854159301648 97.0519156670995 1
77.09416165728486 1.8913868097855113 1
41.431727668731014 34.48832838274738 0
45.10542907843694 93.7362263610417 2
34.78599057671822 31.814301056386775 2
97.9604530833639 95.19501322676007 2
23.1506604177521 75.36283677447285 2
13.508301559372304 38.3641006048991 1
79.91999255188398 7.664744595069539 3
17.01841617317943 51.1186527663922 2
67.09297745903339 27.820057678328237 3
12.749145870623813 13.563263372609102 3
46.58188041283681 36.04235286759071 1
34.20565037438077 96.78297480762589 3
63.773302724193314 22.26911171042837 2
41.340047510652 69.12093331695836 0
30.71202905100786 77.96339834704187 2
62.30435797371343 76.18108603531672 2
9.723291312099057 57.58273474805282 3
97.94995207506734 89.78333638433973 2
97.74700171315095 7.586224533831176 3
34.255867217384875 3.177210454877044 2
70.15025623480363 51.661581606820505 2
26.1034889364575 7.327216447515528 1
82.86126731080212 17.290215509781248 3
64.04487859942421 50.158051916217204 3
51.086141848358736 19.300033965007714 2
37.19021575053265 91.4954692012349 0
91.70472858101823 31.501413555366355 2
85.7732354698859 45.77771761378777 1
67.46903207619083 33.9955534784364 0
64.20915385963998 39.75831371948346 2
49.4910957818279 79.77621385304172 0
78.68733497869084 60.16726614546314 0
4.452378599566808 52.76464244137632 2
22.645741227386928 22.164978294517823 0
97.70469569691345 6.493366035655934 3
27.147629584936983 20.232456305738744 1
2.2620163962799977 50.82100776074587 2
79.41512541372634 20.367691105508168 3
55.242568469014095 75.53269408383012 2
95.13901695084738 88.6815071988016 2
60.95082052726871 23.853045847546205 1
18.66179568586521 96.7290620877437 3
7.5414616495795395 40.901532489278246 2
35.332922202906914 2.0677745126960745 3
84.96656415531962 23.928469295480028 1
55.52196718062824 87.81914191912134 3
30.205594626807365 16.04783382876015 1
17.264616178533878 16.112720912762047 3
40.197938990245774 64.63585339956938 1
51.19636685095197 31.96538230036753 0
64.87849742892128 27.259680079729232 2
50.38781479415461 6.386903615559103 2
5.527295194454995 66.24892934286751 3
99.09631739222232 35.86052836117097 3
75.15137649839514 50.979236541155856 3
8.897568919123056 12.505139725816704 2
26.884765447985657 35.42713629341756 1
77.96587473648499 19.0250641507826 2
82.31994231587873 98.17472966567952 2
62.53978158365121 54.56456768795904 3
2.4447820084679606 97.48960083329884 1
96.14717754608742 36.310645042832114 1
38.69897080920516 1.3780407030147157 0
