1024 4
12.83413251911183 16.691945246382556 1
76.69667858443735 47.489680757891975 2
84.08376527846951 90.08652732908277 2
19.830176179003633 44.962168346683825 2
79.27188588620177 32.23252359002241 0
35.0073076269676 41.897241412143536 0
38.57740825356174 70.1344628611298 1
49.62716526412938 22.439666885418884 0
15.161838202763212 93.88103509273986 0
5.486490045780091 24.624971318365606 1
50.63890807474326 11.286513480303029 3
68.72946367176803 28.170656139292273 2
24.498656965457034 52.64633678827213 1
79.02079691487816 78.2957310822421 0
66.25796138258968 90.72936691181643 1
66.11942680399284 52.134543749284504 2
75.73001633436444 6.213888528216915 0
30.755337066349554 45.42342493686237 1
21.344881174314768 58.48950033258059 0
88.53638905505964 62.957730289976375 0
66.08577669132114 18.103632848305473 1
97.87102338557382 29.377198055571274 0
23.0201998479731 46.619611667727725 2
85.78640991042043 21.244448024337125 3
7.945175169720786 28.485056080097472 3
45.24293199348111 88.05941122269404 3
13.298014972483408 84.4539790476143 3
85.21681107505576 40.34374476966273 2
44.54371514586081 71.7372571702538 1
17.426834463843687 21.235602070686355 2
8.520352938092191 98.1620138001478 1
10.660537451930486 16.805224349565716 0
75.6894723507948 93.5348302252731 0
74.44273016990083 20.60095568878714 1
49.63991915098238 72.25384770359227 0
99.93952502924043 17.152990742536687 2
77.96604164715485 3.90409269238825 0
81.37234636798199 45.11164314400029 1
91.15842619149838 0.5301217786757961 1
41.59345627979357 79.36732694233231 2
55.047017627568884 4.483536158584789 3
87.67259647359859 56.00213901068866 1
16.635299371256927 48.7068950552618 2
54.00189262519076 62.01862047229163 2
22.417510015682762 22.887268817774654 3
5.072350702102247 29.781562489145696 1
75.54879404344874 12.247492597440523 3
22.54795477741859 36.9772911287384 0
58.48630974979052 87.977016022198 2
89.28711192026255 96.72983659331844 1
92.75356276378172 47.992983789248264 3
51.9875374249537 72.49870242216907 0
95.4879815284957 38.371731433487014 1
41.103561204597106 49.62287463314301 0
40.640900840561365 94.14002581932186 2
91.34197250425814 28.129609484994212 0
5.2576364240197515 20.276707163213924 1
9.090167497444812 97.13061011646674 2
18.48898907913923 16.54153119237781 1
76.61737552139094 77.91802497978547 2
44.83625231032017 55.04750237300233 3
19.11316137828819 99.56498240587644 0
41.78454634270009 92.80079592526295 2
6.880638560383434 89.62139757662555 3
21.89872098899305 48.87271983656542 3
21.59365600659019 38.37880872256321 0
31.987616691466325 20.484244527386032 3
42.195088248722115 15.00189115931776 1
24.554973571967675 55.721745533591346 3
80.07401305926784 13.436820340085632 1
8.28329278626665 41.77655321574206 1
82.27391516328383 36.162434490860775 1
22.153347189601703 32.64466024117788 1
19.31102231122983 77.86867162305239 0
15.285582836403078 5.467887334040955 1
73.08934778763019 94.93540155115731 3
94.43097346020633 3.7259979037431945 1
88.39850253417025 46.57134875986525 2
50.854862803514486 60.18506514151019 3
19.614388287337903 56.69714960810973 0
47.89814146184504 75.15152627166684 0
13.498308479889998 49.18422467657798 1
93.86432008790723 48.12268034287829 0
6.356205172878038 89.76574317609924 0
41.71586003224718 96.52055610655503 3
27.370136700764323 58.98916592875164 0
68.91788334192194 9.15093224383462 0
32.70990327044778 67.21759504889637 1
35.699946093139665 69.64393694968474 3
12.497594451275951 54.97486049272925 0
35.46211112230518 71.76058055190313 1
30.05531573292909 4.743449794747612 3
22.323824864841658 52.438226814267054 0
59.815552901612556 77.28746864954442 3
38.477948467913734 49.478324536641296 2
29.091534662789474 22.266953555921486 0
98.7872161028686 94.20543471498284 1
27.29404492717631 15.407665931994874 2
68.94859113334398 75.04511722114067 3
39.464378643120114 10.429923744755676 1
25.382216365952047 73.68160901847304 0
16.461502240622128 95.44641231334565 2
4.139411857933927 96.72235991795534 1
69.56223543563124 19.62304307630235 1
0.963647436409143 45.535715553867384 2
55.36748897751911 69.96831774545635 0
70.52035952665453 76.42227932039545 1
2.6654660844293687 5.8289708311994755 3
2.5322956183453815 59.34651449055328 0
47.40470255242181 79.35810036779775 1
11.37343847492448 4.263165599361551 2
77.44568150188994 61.66971928585032 3
36.05961899484389 66.37039255611722 1
33.5243600953761 32.657411392607216 1
17.84542230324724 84.9470808805556 3
58.885491556969086 78.32690875709271 3
23.574611532600176 49.03546689790901 2
22.632334197773186 76.14779544493526 0
29.203094915383144 86.3056268421341 2
31.952387162361827 36.41029697884661 0
97.87141632214845 76.12400010642888 1
22.629867297429517 51.6529600824555 1
57.06386402821203 79.24662640260736 0
63.76919746341898 44.14979207144546 0
47.5228027074109 51.981834296909604 1
93.28766197674084 64.9931456342854 0
33.415464825582056 15.570979229303406 0
54.66999066028049 68.56479915551554 1
34.47628526666948 87.75436029311766 1
43.589734637851706 20.247900877342772 3
41.580041159684576 99.18468454985326 2
89.12988812979641 93.1216553795592 3
1.2347111891165663 39.117755195037375 1
87.45540083954305 85.90773850372493 2
8.523547396363284 27.906579749271376 0
4.3457293366992005 84.66446686996946 0
85.44277475021002 5.57936016581534 3
83.34538986203718 82.08898296661842 0
84.27072879572289 60.59885869989735 2
54.31658606947218 85.76536502856943 3
39.7140202592985 62.144549552248606 3
68.97298479728964 82.30934307297252 2
23.73286564721484 90.9070538283083 1
41.396367780015844 15.255152989175414 3
16.887426133104576 69.48346916217095 3
54.96012038370287 46.129397572272744 1
88.2033743550381 53.99554091518392 3
36.52317670980546 75.651968783269 3
31.276214108421218 9.765155303195217 2
68.77454608079037 50.850146307136455 3
63.086221781270844 88.71141806572854 0
52.82951385014718 78.62298969897937 3
6.828312215083987 12.119852606105763 1
17.798318750882657 27.78300045172407 2
53.2969092159702 98.92980597787448 1
93.82252726283201 83.08176848240238 3
84.59426570430304 10.931339738812229 0
1.8911936957932474 22.579851675981853 3
66.49292825868393 18.65585015126996 0
18.027024981693994 55.63911094220886 3
60.83474985120058 58.437998461399765 1
10.433812936907394 49.242069330705164 2
71.39588744156461 16.552308496087885 1
47.78980401819008 68.87257302105043 3
81.52326411663776 65.28227039424952 2
41.2636830001027 20.1237411297826 1
87.55271870451831 17.74587216897654 0
2.5204944226761117 44.19409687935658 1
8.146900883223541 70.9712411451689 2
55.6344210771356 33.094019935105145 1
13.076857415676601 75.4328681040652 2
6.9775501668466795 58.8563436390278 1
80.64044016066173 2.2240442512620695 2
18.59391189377596 37.229730557393005 2
0.8164667572363005 98.2494839922475 2
57.03726888642912 66.38647939413606 3
25.336438051263688 80.05782721833818 2
56.232145612434095 58.74787479115121 3
54.9632868877222 22.478491989193174 0
20.642209780512854 37.916656591539876 2
21.664281074169047 94.74798115171812 2
42.38787640350831 22.89234374765612 0
73.33513328669392 29.24856430637063 0
59.13245342211062 95.04256916281318 3
55.59835844130816 32.66107407240274 1
39.55638753483015 30.37831236085965 3
10.574316069366652 87.70078446734695 2
74.89055304461492 72.84175306714678 1
48.644216183171295 69.4688205215246 0
40.00142445164035 56.174297145843845 1
30.286321030069285 49.28551203365219 0
93.707335054709 9.901344731189422 3
16.904095893721205 73.59015170912554 1
20.131063225421553 85.93670321908277 3
94.1273030381417 13.111189613579445 0
40.54897024763978 15.502590406208217 3
50.36050612984485 77.42192782249533 3
21.76709018376356 92.57933866492208 1
84.41242529148847 53.07840924611097 0
36.21049543934313 84.90339173778936 2
97.46443170599754 14.633708568222549 2
84.17212675191175 37.543675299193204 1
32.153171543509906 50.03613303745258 3
83.33768585899696 75.61138901899817 2
26.166278815148512 64.09253766725288 1
85.01090494175675 72.26312637686088 0
4.572675852913422 96.9977852707562 0
45.38597867646339 9.708805658179443 2
70.74382572946196 7.7400360091718685 1
47.896800588863954 76.03157498151594 0
7.99243388900881 17.368392403958175 3
37.472297534039136 87.24703871719592 1
43.2264745661016 62.62019859851943 0
15.591467344637255 9.036629205340141 1
78.6544244621696 89.04769014429596 0
94.31223141114636 94.3112651074674 0
44.59561332899895 62.93064870457239 3
47.16574765384105 7.07235634541219 1
0.7104869544823589 66.92816659627702 0
82.34584737733093 85.14524944422534 0
3.554862367708289 49.774118278037704 0
35.83054635698585 89.80302445178293 1
35.99714756162859 7.830913738797262 0
77.43271295592108 20.238825720990583 3
53.174480595843164 28.039431101391 3
31.554051809353332 30.991365274100392 1
78.20034215851341 32.71895554172598 2
52.08677211827931 33.77429642034875 0
19.199957402753974 82.71441197869713 0
32.02903688606191 63.82143838657588 0
28.021771319811005 57.58305504529784 0
71.1955502822343 57.5903034468141 3
1.4335302386146331 10.719573415032347 3
83.74645943330596 15.581670273727521 0
76.47027402163184 58.21618482950236 2
17.384067440115526 63.81419687531719 0
87.20681075525303 68.8524304144263 3
99.71496339857117 4.985099480297627 1
37.868929437374874 44.03499947491268 0
95.88937193021701 50.2767064373443 1
43.715056991473446 95.30475249471118 0
94.74782168517972 69.32819574544462 2
27.1131923726449 54.7662462641179 2
41.76783654186361 95.09518189824375 1
45.220497910700566 85.97884638438316 2
99.73132366821923 59.75821377568392 1
32.327456507188124 39.62610199975109 3
86.40740963471383 38.03571296199617 0
12.60239004078979 80.60175127842017 1
49.446047677510684 66.65122041362392 0
56.4185564424227 74.7770669378419 3
11.263036610894627 54.84166728637925 1
55.50040052876969 2.4493463674338356 3
78.46523070158821 33.234796231377786 3
73.58624628062239 23.189030840826785 0
50.575215535994275 24.23111708347685 1
54.26563755180355 9.230254207902512 2
23.333220350243366 59.85990184404522 1
91.50605791191036 98.56490113265028 2
1.9504560096011647 44.38840508739135 0
76.30008635868177 23.481065557797198 3
8.153525793857819 91.12072128391488 3
53.224723836668275 58.66129706514158 1
28.4629431123813 8.477532489254413 1
32.54268377020987 52.70740318836721 0
82.22195839442452 24.79550719461554 0
72.6123056844149 35.26920535453885 3
65.39043218462417 44.657180244932206 3
81.03451591683051 21.552523185601345 3
82.47641145663493 75.89862707087308 3
86.25401194094849 96.72031470250465 0
93.26088716656777 83.88973640208101 3
34.824754096896406 85.19895464758469 3
85.99228204185103 52.907278616455756 3
5.822807099620453 2.0298856615600047 0
10.408524267713403 76.36282888151209 0
47.424561793195544 44.67007562878431 3
20.575204129726398 32.502121006579856 1
14.981323560614202 3.340770234940016 2
25.845427000612244 12.726276705257611 3
71.88724806149635 61.82548056836752 1
65.25407016749843 73.38423328275762 3
81.76492442619428 29.685381223068475 2
91.64231303790763 22.426367473797125 3
93.78552530464076 46.45359374675855 2
1.5202585593132478 7.994901863317327 1
11.63666587790112 51.01873808699637 1
31.953819273023154 15.615404375695064 2
95.92623272516983 55.318647656390816 2
54.35991016962368 6.587123663161676 0
46.63997735126143 18.244982172683024 2
69.69611217690488 19.494516087592274 0
26.775180116483533 52.621611247087664 2
84.7917494709144 86.04134420043573 1
22.681323901347138 77.94110498250312 3
69.94067652500249 16.851160574816493 0
68.71560846435631 9.646810994587474 3
35.17264494280088 78.16728370165104 1
3.710527619569959 66.2521355120073 0
6.848252731111848 31.42310163923461 0
12.91135806797038 73.3809008388897 3
85.62885971751828 22.358557474580685 3
23.864317102078726 59.44918691345325 0
98.5523848766947 25.98376654986079 1
22.483143295790953 31.0031770507212 1
89.04879966364106 48.46951726192521 1
1.4617910635207676 72.18458370807456 1
86.37149353507787 61.268745180885006 3
66.26132282976175 99.05825472173007 1
72.7026517158467 72.20238948275079 0
4.5749978096580985 83.76023747108803 1
71.49595654715107 80.34647829478617 2
41.06478882320186 98.62333415912516 1
20.851259136463373 39.54211074257428 2
78.51333258711406 61.10459745349496 0
68.09998285040895 84.97383014702868 0
11.22740061891604 85.96314341732264 1
67.57402799470985 28.425544619073882 1
91.76159273565358 70.20791117801544 1
77.95644852159501 22.44008001456007 1
13.583041126181705 24.282766511652476 2
13.5554873272289 47.033344418803615 3
27.38228435741268 9.663323102851729 1
76.11004321967644 50.08340851118075 1
0.5908767052789643 90.61006075434334 0
10.327263233693385 31.49395142914122 3
19.709799871489718 50.67391361856799 3
96.47474599495416 13.355833133445405 3
45.89240549889371 70.37652356666463 0
2.7404008878231134 26.575862226669255 0
15.112585112800115 52.073664557668174 0
52.58956170489226 94.47938433724926 2
39.426701666038966 78.74491338249965 2
8.20728886925095 23.05038622873855 0
24.672827046336067 69.16035659553228 2
54.1971996660644 16.07177652539923 1
8.287338212531992 11.40032184041665 3
88.35849134207197 16.813452410828887 2
8.102982495472776 22.696810833553617 3
87.46422222294845 57.83645933821568 1
31.67566578110701 41.684765637798925 1
75.24595628040638 32.03151407266378 2
28.26823222678273 56.24891582850633 1
13.009639225574798 34.63337508555371 2
7.678602055811079 35.457843761849816 1
9.463418521235356 48.78907679221227 0
96.2254089512264 5.570617565514158 0
69.87308736750174 51.2062569252151 0
75.59225985371404 98.19549383232928 2
63.920206882294295 38.27674159440883 0
87.33731558842783 11.40120964761886 0
22.59033227837046 68.99858895608341 3
33.57383865300233 11.27671716587445 1
48.7438653475577 54.88833864401841 0
46.965247549334364 86.42651881475477 3
41.437023164103714 91.24804611992354 1
79.01081447938016 36.13557482427079 0
0.2273432089488603 45.33294979463267 3
3.8327144522097845 58.86839944342874 0
96.88649834992923 28.061095772623425 2
3.5584789119350924 19.41692160147862 1
58.51536260867947 80.17161684929728 0
23.885236815743816 55.3704231036528 3
6.664966978629061 54.30762445290191 2
39.11696437346171 31.69044664046734 3
28.52404582670135 81.91569044958808 2
93.89107690239882 51.9996420033084 1
23.36998873527596 83.509690228068 2
47.18708260716703 17.94394688152061 1
28.29079495045136 36.29597635947634 2
37.6106460589575 12.422471255178348 0
36.60954502132675 88.08916088756872 2
13.474427745190132 25.464588947548293 3
40.95784862166272 47.97293704753438 2
91.63698191276806 46.32878780376802 1
94.2622428880313 79.8632577016098 0
81.95706060371556 74.92074510487512 3
56.558546062859094 46.7301616779965 2
73.69861646595072 67.09110988302356 2
76.48474970450617 63.198214304147726 3
88.64051347983091 68.34916412659035 2
59.39709814083008 34.173661242602535 3
80.33819851297187 76.19886777250208 0
52.520552448012246 64.04682098858706 2
33.22245042371491 44.410225423086835 0
82.54005137981862 51.741532335154716 0
90.97960584260872 19.26296467063482 2
14.081313348418389 13.612517933597235 2
11.412054953511797 41.67970161478471 2
3.308991125350036 98.85816038119486 2
94.87287413925644 5.6858867639772885 0
81.90700725165793 11.771832786011737 2
7.531033141981469 59.452610094470074 3
17.726773446104836 49.86747160799191 0
61.1508411103438 8.845962008355334 2
80.59804674014298 77.02913322917499 1
94.78119911587466 75.02806109316718 0
55.84596064834011 90.77432351952255 1
27.448659604969492 50.75731247176479 0
74.76363628443995 21.072617793423397 1
67.06111064401207 84.02419370715475 2
6.449870657524748 49.37849187063189 0
43.966452608455164 83.0907144982314 1
19.091967019928504 55.05852807489904 2
72.06838371633505 20.512109441144343 1
53.67780776438439 38.10987524518029 2
41.998942125518305 43.666553427667886 3
9.38192806668191 58.05647339349718 1
45.460616787145035 13.584207052912378 0
78.27095921732908 96.03648338569832 1
87.59556759327232 81.7277542270416 2
74.67515990565076 98.66132221778145 1
71.21593319453928 43.276369130864126 1
66.46763566552927 35.08451317347079 0
78.50923918094588 32.19039723097129 2
73.45338662830312 9.752435220381416 2
61.246438396540356 22.325372052931513 3
17.443524101147624 3.0342466797140255 2
62.93994467161954 80.57604076056123 2
35.14435161590802 92.68020818123098 1
65.82330254218101 12.840687362218295 0
53.799427866461045 95.56530387567095 1
28.15379242942346 82.07868546760629 3
54.11605075535319 40.576599644459876 0
38.55504478515074 80.23877912942761 3
46.5729857617947 85.70787467444381 2
82.41086440125619 92.1295945425928 2
35.20175688995831 86.90185801362493 0
33.282026532079946 54.47598304633543 0
49.54510366583597 71.53481362840928 1
88.16571897290831 4.587279165652114 2
16.392369630429716 4.548376935370735 3
44.568340686421195 41.59638392470478 3
57.2690982582726 52.52313105550742 2
64.87813301182219 18.96317449550643 1
83.24154335655751 77.4337618688494 0
81.14466593243039 81.58260655194667 0
64.81245323062824 84.67565898950271 1
68.06868576160694 93.22801204126641 3
82.3277179954412 27.004663332188816 1
33.15354345825637 78.74733264956365 3
17.093725160058348 97.21018659653178 0
28.78393132179372 73.99971043866115 0
85.56707607220659 52.45607955222526 3
42.360352112825794 6.889532760698447 1
82.13795606660175 99.28043179703701 1
83.29744211957906 84.93020100695878 0
73.46019331419606 43.508050977323656 0
31.046428059684807 27.97361572962249 0
76.63362094382184 56.50994849199124 1
45.80299298262066 73.29296437379425 1
42.571033682465085 6.808827644668092 2
70.9499303491578 44.11103860024406 0
49.13107316661123 45.82295362529288 3
96.622728568585 17.595929834557168 1
65.04849583666716 17.610022912262924 0
36.79344586462432 1.5601627055904288 2
14.529431255228275 38.84467597434427 2
46.98476678615493 1.0798020056774993 2
75.90266977858448 43.97644748243913 2
8.233070758918338 75.78004376503404 2
20.828348910328465 80.61854575434812 3
49.4352821312075 1.711041110226752 2
83.78166365220649 66.7093118191679 1
1.9749012162653234 63.47616948469938 0
78.01609714977171 85.04387383920246 1
41.74988177330485 53.141243107070494 2
21.289932666374455 35.00225299305393 3
19.809731335917657 84.5969464879913 2
36.3605429709614 81.27177469372937 0
86.39719435113744 48.87371190218879 3
56.99272922578259 17.60824430798148 2
95.53843194991161 83.03177460711944 3
41.06778086705224 62.52440390403431 0
67.80851685911153 97.08306206980103 2
88.99053826612362 27.96911277673958 3
75.81837301493367 15.1236324575992 2
86.82058077814506 33.99358663164732 1
4.315604048482024 8.730941210236976 3
40.70418641029182 83.09885552920153 0
99.61399919198463 23.380200420273468 0
69.50364638692949 69.53612658813391 3
52.54779392197001 63.94000164932913 3
94.54903600258086 94.17597758712105 3
47.46509738193291 52.56162183981778 2
51.2470378990603 64.80434059930609 3
38.49989751137317 86.12800481303186 3
62.45215964948636 25.411262347982788 2
19.160337458226927 92.93574987228799 1
69.91436529414027 61.587510340556925 0
18.703913862563127 91.01040794576153 3
7.6622203050121795 21.84099235463729 3
39.81451963644569 28.099893876547632 2
78.98010884896229 54.16630762040033 2
19.201322481938565 62.21117686692574 3
98.38271776070832 95.17576567951923 1
96.64228485316582 69.63237017175365 1
6.706852025338728 27.320874825010797 3
33.550098150962626 48.094865647467564 1
4.553376833859735 66.09483248913601 2
68.12596981219066 40.6042995661118 1
62.07681205517388 70.42788162954002 1
81.1192003153315 98.38701896425333 0
12.279400796822593 8.243876913186766 2
2.6801799040808594 5.510182535182951 2
43.88422473222502 48.94646893885029 3
55.09449361980825 11.101362923016822 3
55.227134834659495 11.456930355228145 1
6.828247379359764 11.341633663653727 1
64.2714584413198 28.109344911771995 0
79.94208875758335 6.350071505317667 2
58.54700482692336 25.236095173885907 3
60.13655812827937 4.9696446236860865 0
59.075947225558615 92.46725623090576 3
48.19697524221971 95.415714445635 3
33.552402675384165 1.695154280827793 1
43.077881167820806 85.77657909284859 3
84.30257638001923 18.95933535025116 1
55.894932448204024 31.13347771905428 0
72.02640266669755 58.809243231372086 0
50.588864527877895 52.09535160929739 2
93.23684135899036 25.9659497732714 0
75.46506260739497 0.9340739595596448 3
3.3124801314047603 16.269321089537037 2
52.04511557522685 78.11454695201377 0
54.08964582692749 44.11528244150252 2
82.81781957765592 91.04177500112613 3
53.51914998396574 39.69162880695355 3
23.7298432395303 95.8865123630784 1
4.524102599635604 87.40581159030609 2
9.062832995017356 73.29647152299728 1
38.882141290653024 76.18930516080518 0
78.10683460318211 96.24668764156513 3
3.6789084851490905 24.097142021722572 3
91.35488140588667 94.89430098045769 0
3.1966685686704466 59.96832221531879 3
37.352696090966084 21.18459725172205 1
55.55762118198613 66.60527134660741 0
0.9873363788055367 13.836493207549106 0
53.52567976570257 43.8082751151375 2
89.080145127667 55.11782895522571 0
98.33413210633383 78.68533812992217 0
0.548410948795075 39.94034373199804 3
97.6121049499749 97.29083750812264 2
73.85733919385014 47.38311878964061 1
47.709343285831274 35.5615186100555 0
96.72531821899321 79.24256560640266 0
56.41753071619885 98.73845371155606 2
4.0289431647727465 59.6974831990805 0
84.79306679061928 17.885566341656066 2
0.9053233883364209 94.46307227751176 2
91.00559276104474 78.10874461600498 1
34.669158009506226 34.16751760488157 1
52.20997475452888 70.48244251834335 2
55.02680514814373 49.554438607298565 2
91.05521965659624 34.217551880587926 1
78.79780408789206 21.77100194209328 0
24.971102184799175 89.45527076415989 3
37.21034765744754 13.593906227581654 3
57.730129092650515 97.27813611604066 3
75.20916932835739 13.748816779851436 3
67.4149827651789 38.772323469395765 0
80.07335335980909 47.76657568093468 0
36.900411590197535 22.9927266546584 3
67.00944603401877 30.003767700941975 3
98.10879468821075 96.5762758385869 1
37.30862783192147 4.34656700299575 0
7.638833474333129 73.81562250280555 1
4.817314330241496 10.093458140374123 1
11.495685658325971 61.16473319958381 1
95.01939849931763 82.30445075077391 2
9.3198067275307 69.73665832699034 3
94.64584822884348 15.166880377858904 3
92.87616028091173 99.75081412972224 0
77.88115802419209 76.30276461264232 3
23.570497321231255 93.95212802001446 3
4.259454800958629 1.5399584428339996 0
10.36647505298135 80.55750663771099 0
72.04175334761145 83.01213425818787 3
1.9370572127731855 21.650419610515513 2
58.21189804392055 12.381505800977221 3
51.339716279067616 32.22003717650893 0
55.9825077785949 35.11606267161312 2
22.716659479963763 87.90135236018122 1
35.43273826637277 58.35471843601323 0
46.93961737311743 16.535865983117347 3
43.97311549376831 57.42050495052501 3
71.13663209771661 17.203034295522123 2
11.529841885314497 19.10252214831135 0
36.484880266562435 46.17357525908161 1
49.583078047767934 73.99104275761998 0
32.315496782678174 86.6302977310046 3
67.9389754264654 67.41069509742488 0
67.18971420495413 47.36052981824569 0
98.261886701703 90.6756324761692 0
62.11256722194359 78.1175301814126 2
53.97900810182217 99.56360566617009 1
92.73257177524407 29.11821151559153 2
81.6332268278176 65.85446549701352 0
79.59345071687245 13.60638880957742 0
28.4746800240939 6.739656733450405 2
5.242530718294303 41.43437021292886 0
78.78211434893383 60.82090095921403 3
79.0030254956794 9.878774331884799 3
86.67500396057642 87.29422863298132 0
99.96327351955883 52.82500031754288 2
89.09792330207313 86.12553942203148 3
15.224544665929397 18.63215947692627 3
39.88704820834471 63.73114510520522 0
16.36484031498332 19.220009922549252 2
17.480254691102804 68.15535136458526 2
64.1111407859991 36.02322874036469 3
96.73773245033325 37.637334101246765 0
26.55742435929872 36.70286751335139 3
81.99735307049899 62.30095489514282 2
81.92152462309586 85.5207160907063 1
55.88292931207472 9.22303130521599 3
8.863880009529224 94.06856320854581 0
26.391380553235567 49.29732040430606 2
63.283830571743124 16.94060081740556 0
1.018816721910898 72.72091617423843 0
3.291472520945271 95.79287876995043 3
88.775159809722 19.65968271593099 1
2.335960449843788 68.03270272732935 3
62.307042664441866 41.365154217005774 1
91.78796482936035 39.10468147789668 3
19.26213728705659 16.31479450761445 1
66.46010847711341 34.249464886111234 0
71.03817107124037 71.76078177684543 1
38.987766684203386 19.72217419311857 2
60.23649757050623 97.06493230210862 3
43.60350507604872 57.16535295001391 2
51.53829356115048 50.57628232230738 0
21.299498388177362 54.85781750646328 0
99.85909097041134 61.7034666846517 0
65.03422016753653 53.49694187473122 0
2.6526391705164576 9.862229454548299 3
1.3245370091675368 12.221858065971801 0
52.36007586503869 32.86282080546046 2
7.731350314219066 67.66928201990923 1
69.90440894801885 91.1182242007277 1
83.80522245804441 31.99707297126473 0
1.7885750061081174 81.45828830562594 1
1.800168796870738 64.11542424233986 0
41.47736510756235 70.81613074212075 0
94.36069678221087 38.868921381064595 1
72.35191257060019 73.94175944156112 0
41.16558983625954 88.56173096797355 2
12.789976176005869 94.14727930876737 0
32.26145830585689 12.677383621608584 1
60.26888921493855 61.68898352521277 2
5.801371129120048 7.530265805422731 1
97.832990135431 54.1354729988473 0
25.909245645617705 85.99694198647315 1
3.897311283477334 60.222296444529164 0
78.40615409344849 46.50364173037516 0
68.40140172829393 38.89629790671955 3
93.22347301104277 71.42230968575775 1
89.33511424819154 79.56124117264224 0
40.55757264767895 56.62013877898634 3
63.445952500196825 61.41042635851461 0
8.333155089678822 57.260660105229576 3
73.81378833995352 10.887439256067843 0
61.1475038024467 20.709614700376854 1
52.451210495951216 60.9533670299627 3
4.936562692663193 57.419308646059505 1
83.99934904641599 74.54413067247803 1
93.72146119532451 61.61420115276154 1
21.74250445671795 37.80861971689497 3
57.986725290544385 57.44518788635683 2
58.814726204433455 52.51608804743697 0
56.06722552626289 89.41883377713299 2
15.862629989393806 64.74642230688424 2
76.97262262538685 9.792082487408827 0
28.606311113775917 22.28778994522248 1
74.23589224541865 12.000673212422718 0
45.17521372459827 37.062887308327966 2
17.753872159238227 91.3087336657054 3
30.053253258522183 42.71157461675544 0
77.94201553943955 94.49421779560753 3
36.653120712203304 49.529415022560755 3
4.150857514604434 40.232472012868904 2
18.905674135570127 72.09583453446292 3
54.02317562344465 6.215756801047667 1
17.029386235555744 91.99434261720579 3
22.12104384398034 96.02773403137247 3
40.3499854635439 74.19436328712185 2
16.651381993322634 73.68534798820797 2
47.502990040942315 0.6963164631728636 1
9.83191557417491 91.88925266547336 2
73.35674868442524 49.75306762461857 3
37.14640952673399 0.8562389263694681 1
76.32869832739611 58.58171077029149 3
58.1298443714104 70.90407926185482 0
84.8380636018253 4.765149938529156 3
28.624898883759563 7.204669432955557 0
29.087209711179852 87.93283585734405 3
69.27583198416927 46.03411730894283 0
89.16970518965128 15.2787975246372 0
68.66158211895223 65.11743865152204 1
7.2973086039182515 33.675800195851124 3
11.25030721217951 85.00801956632257 0
6.6355296342912595 41.4108679530518 1
77.84842295915843 6.529134766134915 2
25.57214541831858 40.290578027827905 3
78.28991122370108 87.51567893090606 3
12.915246342109555 99.51469216414831 0
29.025696716484127 6.061157637987147 1
61.431724061233204 80.92953045433951 1
90.69013883237832 83.107929519321 0
32.306881983230106 22.933204093517745 3
45.62596603420283 34.30724979125968 0
5.028550676017551 84.88907727652033 1
52.03268888568954 9.65522145677873 0
81.86077315083192 85.8142883178805 2
78.0426963109684 86.24265013734644 2
13.496941666501572 23.339189261796424 3
98.7074973392428 18.302227935457914 3
48.66842507322858 9.825712200110615 2
68.29748067903878 87.25360511993107 3
88.47266792181341 29.503026547268252 0
60.277110424215884 49.25192725243982 2
18.094931931027215 29.21164322304949 0
75.59995234462231 3.0123278820251564 3
44.17929392152048 32.40615107728622 3
8.372658016426282 90.32274507505778 1
47.931342494692785 76.67848906657113 3
8.118246246210392 96.0436869697859 3
22.63196770221293 2.154403430216467 0
51.648651447284664 46.45077563092097 3
6.5824767969373195 72.52724084696223 2
46.65649639873868 90.76194427754338 3
73.47614427125963 24.602473168474614 3
12.594597219671833 54.36160037398514 1
73.35426360950619 86.72601421509025 2
45.89186251065542 70.51267241274189 2
65.75480292690567 67.30670294720356 0
95.20288731373698 26.06942831876311 3
70.49249177438016 71.61979746943405 1
3.1459004308354577 60.45451816519291 2
56.576404431403716 46.84396727739675 2
95.55157850055807 63.18262701431458 0
94.61793582299785 44.781878433810284 1
41.54012464706358 34.74768573038271 0
49.584596614228225 99.25704833818294 1
13.813716568694968 68.1524653505761 2
23.49771325341463 30.85880238700389 1
44.766597682866035 33.91063954388402 3
97.078266211167 39.989208360077036 3
90.09279272700289 37.0007263390038 3
44.446209120231984 81.84221247693304 0
47.40177193174699 55.342777722355464 3
69.7205241972082 48.466008218856246 0
38.77809720258486 93.13596754194286 0
58.36653321297277 70.45141666171295 0
86.26895686301529 29.68495088946281 2
3.446798169567211 45.483668375219935 3
61.10918345157956 12.337229941468141 2
87.56087323228672 97.41166227586716 1
7.515081833151438 4.227063420054089 3
44.334898687206106 77.58400846639132 1
84.83273146351688 70.88870676900004 1
23.01214024080096 49.66698324366048 2
0.5681063238511697 26.36165399754683 1
3.680701404948583 60.21508606884469 3
22.95288256374982 20.945498569420607 1
59.98043537336003 88.8747801472553 3
74.86449146529422 59.9612743640578 1
27.003325367422327 53.00576958972877 2
66.95771783620357 94.58378616879912 0
83.47055462721477 29.613165200586 1
32.76208127506391 33.56591716139281 0
56.31023873768826 64.6461788810055 0
53.82102992931458 88.65192267240276 2
6.9288310026274 26.913258233323322 0
19.83450081037089 62.67932215329134 0
23.422379823762284 64.40291453861231 0
45.875052124429494 66.06570740841053 1
12.229470958512213 77.80530168537533 1
88.21724729331552 13.899547426921476 2
81.39984381250325 19.807263132739493 2
81.7679233582247 95.54803892176731 0
88.92386397374324 13.80963390021318 0
70.05483944596541 56.51199072700416 2
2.1387571220105706 51.34107381602186 2
82.36270657428038 40.61230173636608 3
66.10203690185166 37.899978008967025 0
52.70076015053269 5.5017845551725175 2
98.16437950597631 3.052215214199905 3
56.298164091278956 74.61569234454198 2
10.572595949796149 76.1410782531546 1
95.30283510624464 53.41527092193735 3
20.115094894772934 56.26956237023772 0
25.498176065591682 2.459155736548091 3
79.60401613639793 87.92395480295703 1
57.82318705016484 48.51187698720821 0
65.43156056416012 47.74827866395679 3
47.474107825119475 71.77495738882497 1
23.226393972868376 41.99890474306499 1
25.96321043836438 4.528074885850852 2
68.70959940267296 59.63684511502231 3
62.777968096073636 57.593608748640825 3
86.05583934801832 42.50949094147205 2
1.2085955339562249 92.92434939427831 0
59.12514910358632 63.310056074967456 0
57.1692869421192 84.93231050715833 0
47.15285099298414 3.620377941969266 2
94.21910441578079 6.175406819601825 0
30.05773207934088 81.89192765472865 3
75.87882543907224 79.3379374960984 2
48.35613521631517 77.87022309486625 1
48.94045924961357 27.430387005548372 2
37.11358356248247 8.867557827230577 1
47.816400633065925 61.49193043697389 0
18.151068297188566 38.15286066381206 2
30.656288947453202 77.87420506926227 3
14.399829315315237 51.61110532592652 3
45.05839868786092 59.037978473782424 1
73.95398144463688 33.550325556405994 0
57.38723923361578 28.050918929920943 2
3.0096748258582884 25.722335369038785 2
23.75709327211505 41.662274703597916 0
1.5942815161802182 9.115420211069425 3
34.456879345397454 19.853616230144244 3
85.15501561845007 72.99984199202189 2
45.53058325610859 41.21862958649489 3
24.850298571881236 56.94822832640823 0
44.870050048345455 35.51323053342217 2
70.14521766022837 57.594054434750795 2
2.1386837624322363 88.71472097389159 3
77.9966116998953 24.523260340047003 3
29.46367982922593 74.75441920318411 0
36.20310818991599 75.34880169055694 3
14.069794996730934 1.866080388888991 0
7.842570012449535 6.162373962955437 2
59.5213593919404 24.597165624559224 2
43.53685051216913 2.819342838671668 3
20.743781073280054 35.99414674933977 0
23.405908696202726 55.89329795025495 2
4.685791184589483 29.46228947047176 0
96.30483686265582 96.20957481175273 1
80.40317122441985 65.93202634147382 2
32.34995361432256 5.505478586741819 3
78.37146978112426 21.36897385867377 0
23.742753194928767 42.67355690494091 3
39.20843760591919 43.93842371840715 3
70.83144351036387 0.5174069728814068 2
49.231715778266604 41.24841280126491 0
71.58462204417611 98.66753768156835 0
8.19072068234049 96.90427298075694 1
71.54496754169006 92.37911414556886 3
56.37376617987818 33.49439995305753 3
70.08524301079112 34.9254142311489 0
3.9160177240230243 95.14102466491289 1
71.25352164102627 89.2445853638049 1
4.065929529167011 46.64862174047381 0
53.62962958637899 88.03469141909841 2
32.68919775249588 83.1684548261032 3
9.99910811827871 12.719857847163452 0
63.056072805774775 94.17736150599794 1
66.19810686635795 40.34820996345102 3
92.61944348258203 83.62966142492648 1
66.02125893839738 87.57659549106899 0
9.9411856662024 56.11869828995156 1
22.240052377600517 67.70028993731152 1
60.00372935351245 51.568466204098875 1
21.67642313516932 56.79507808188981 1
62.59833424449711 52.483430009541074 1
6.553192631758309 57.97642796160286 3
51.68901223397933 9.005533407590772 2
11.56517234749469 75.48477115188686 2
6.269510376719656 25.08344152106634 2
7.489436370743019 24.90511111944865 1
86.51124496776515 75.98915683827819 1
0.7871108851040698 97.63123721158684 3
40.905320555660865 64.34414946985802 1
24.913833722624567 62.81664987144201 0
45.59299354404966 98.16611052821689 2
50.1828019594006 46.39798035760203 1
47.297730781553206 27.48014806247072 3
68.21042537727267 65.01063993129196 0
34.133510550924115 32.07012786287835 2
72.76334679657815 94.13350589091795 3
1.644075780171128 92.07774293273741 2
62.455266887640256 91.18991001241969 2
4.2518434988821685 79.28727813072014 2
2.2647119136362415 78.05544854358443 3
14.127128281209222 86.04739373255265 2
33.598104473899625 7.704297090421564 0
74.0593699662493 58.73806197780011 0
62.42274714927566 24.37679980009101 3
18.588842712138142 37.44647751582022 1
48.34577110663672 5.374428940230958 1
43.543110906445534 79.32026899115428 1
93.6209085088411 46.86568377387822 1
99.68925492798498 91.85150282113624 0
61.562306774901835 10.03452140561084 3
61.337362321481194 48.970165373440054 1
2.7117245161071724 11.74316205821313 2
30.713635177025843 89.03804744266694 1
75.35167709949758 98.5684728279715 2
70.23541642785858 16.400457752871468 0
76.10406185634172 47.16847274150246 3
13.395542339868904 50.91163313954801 1
31.403607837522685 68.09011878553139 3
36.377381181283205 91.19038239927319 1
22.053109684566998 62.56466086468889 2
39.24525829923078 20.844243168725285 3
24.186707641644478 31.656207253642254 3
53.42898668503213 2.5486375533488537 0
12.203093740715188 19.789375864417693 0
46.27986419792671 22.84047953681363 3
25.3777354559369 20.299034179625185 1
87.75159690700698 78.74045703434113 0
23.621034280117527 22.540932077228614 2
17.57805674751043 3.27692525255453 1
40.65993647681102 94.73783959884588 0
10.77230218432781 86.61930325009499 2
43.41133500615057 54.41005418215929 0
94.23174537330443 66.87228776833518 1
85.70823273763001 40.786684311349106 3
72.53563114062922 54.54803368072436 2
50.74005606198306 13.025573885540876 3
81.86283209477551 17.99435070723472 3
32.03732893046601 25.256285744098662 0
19.745759429256836 10.363629066956959 2
55.87150105059649 38.91069252209864 1
92.50909307741885 55.446289799297666 0
4.17077875738533 98.39974611085455 0
79.00246758522755 14.9356049037629 2
88.25083315009482 34.27197496630421 3
27.332339138452543 97.15466537328503 1
14.394556211772269 96.44420762681948 0
75.0961012155657 90.6357912555817 3
73.39224535861942 56.16493014940639 2
0.19891974060831652 17.65743396776206 3
50.02517492058244 20.473125069434506 3
31.16106112756428 8.166716265074815 0
11.350830503011778 78.51206098268091 0
16.329265930115643 0.45673191442580086 1
61.876343633265286 16.292259993685477 2
90.08095409313059 21.41869269375798 1
77.23656406533432 61.785850672597356 3
62.86749345290287 69.29818870788051 1
17.80108653967082 46.26392910716029 3
11.182895469326237 48.07833163285948 3
72.4825782823533 15.352796396532142 2
88.52521824938661 22.181586744743086 3
56.660317433201456 37.073737614815336 2
19.74823045140259 66.57308272322396 2
28.520293447035595 50.59217414861592 0
54.86316367454801 68.66870886573312 2
95.33781535879122 35.76185136586191 0
85.30085819743492 25.687186877149482 0
54.11397084126186 92.13569802937248 1
34.87651117090296 58.1376970319847 0
96.1371374929241 5.674636573751723 2
55.291897898616874 62.716314205688384 0
34.5633176333362 9.748719124104067 1
97.63174558449225 19.368550808377893 0
40.330998280209826 75.23209388820798 3
57.87421809679657 53.60618259679101 1
20.78598535617203 74.02053147146059 2
79.03650126071065 77.9817693299333 1
35.549124976011015 59.04479832165121 2
51.43908491556613 77.31381979139216 2
78.16003592137514 10.132333415748407 2
87.59414412054808 84.87756586856008 0
57.49583862157163 23.73186645547076 0
18.861197312709866 12.874916286440662 0
96.21511955759992 23.487147837452348 2
5.819232464699531 97.47068855600978 2
42.735268842223775 70.68125740163059 3
56.472340627344344 1.0380639337213893 1
48.41558968488682 80.74346042239878 2
41.454799436167974 54.43132645177069 2
44.31516409490324 69.72965119711563 2
37.16275281964373 95.91303642073075 2
62.6217069305512 65.70148215520476 2
34.67076286727271 47.792437669307795 1
21.129606838438708 34.70298511360135 1
62.25231036019058 41.07869159639325 3
64.29761183560572 55.919209739779305 1
84.69445890821136 28.012563107588484 2
76.77204713725595 33.67769490482371 1
84.94464704322787 11.082686494964534 1
16.691464720453595 12.00173737736443 3
17.775448420787033 90.93566292358008 1
94.18981681087241 34.03601412536985 1
47.61271839064397 2.5772029431542 1
79.20826352047126 5.883253602407046 3
94.38443035949136 66.42979546938032 3
37.487641636366874 62.702777414655046 2
62.93233544993021 44.9727220294992 3
75.29761458990605 37.56761579778421 2
46.83215136442506 52.92419334387245 0
25.134660910535356 77.05692389922005 1
99.6077091915914 27.606518358075395 2
74.02611866115299 75.96607073244192 2
39.867327041983145 7.552164249038851 2
99.23061771419452 89.9650631737 0
60.759156370569166 52.96158381355557 2
10.219506843298165 93.64550699454779 0
27.928604539989767 55.61355336695421 1
16.42840034288804 80.86414052261561 1
61.671185798506414 21.717067709955074 3
8.189498222123671 75.65497625196741 3
84.77687318000761 71.64074958736148 1
62.34203649764265 55.01406640925068 1
33.506122624288736 68.5506570867528 1
91.75663518885354 85.26516464034816 2
96.19600287910845 19.584977926925163 1
38.913553551521886 64.07098229145663 3
56.20750515024405 73.92046852541453 3
49.45411470900216 32.645832108111584 0
39.17120300691148 52.01829927311591 1
56.28793956048895 9.848602148333974 3
59.71287302739226 37.98767533382217 3
78.88850661517054 88.38990656478369 1
29.850585062475677 0.7408773400728541 0
1.396138080840481 46.444774654555374 2
13.677566665274721 12.48664500356722 1
34.62962486165062 81.09528913905208 1
34.185727127328434 86.9615340330132 1
