2048 4
60.865575002805215 44.98749724595007 3
2.6887729059594467 57.41309493312543 2
92.29032578172146 71.91806348160713 1
5.590022099573022 79.87744833460674 2
64.48429587028981 48.98212196284331 3
48.751643770212404 77.30669227002538 3
73.16934574193972 74.22482089700277 1
26.05751010117322 72.63343652076297 2
74.43007675140352 2.828298343485247 2
38.382252052555074 48.50790789609341 0
52.23665116088636 39.970443726959374 3
36.1136651079749 6.704322518668738 0
48.173370994246156 18.509277862119966 0
28.514089878353587 12.103786869476263 0
25.532058460801245 46.97608431722722 0
65.8337484290364 87.7868859889133 1
67.24503946001377 57.31492588201995 1
75.38981348975675 45.61044149323445 1
87.51180595793535 36.05187334064066 1
28.727974307981807 24.18730522083813 3
29.551274320139818 80.4058613992873 3
12.403296536961395 23.829390023647502 1
20.766184493363447 57.64690473474873 3
7.081517165770402 60.880911377677926 2
14.871804021650792 55.56170617353216 0
82.89685500101879 63.29011814674649 1
86.32087687431644 78.43750627816762 2
37.09664745809555 64.45562358147522 0
56.937588830822335 20.762572585404204 0
81.40781023291001 57.255072742655656 3
86.21560122329116 82.77807766384441 2
36.55040931776144 92.2929663588081 3
81.21023031661 29.537717825284393 0
78.73292575717895 56.15993948968694 0
72.05295243533087 36.7841222172979 3
70.71642403129312 32.213034412987405 2
44.38406725312477 90.51377616078963 3
99.99899354343559 96.69251405210574 0
11.82870215077002 20.064596136272993 3
16.346279231671446 59.461926850384906 1
60.41771974212158 7.503957966885633 3
47.77149856883104 99.70483236084763 2
48.09052794579861 56.35959542786164 2
92.0754544058542 13.538268453547264 1
89.41532350184602 42.71182195123053 0
33.36731436523576 12.023788881923725 1
20.81625064042203 19.22907196415843 3
43.55511768811985 9.47708412901932 0
12.713933465245164 42.591195869131795 1
84.86882602242154 25.199689892606557 1
20.17218017495308 34.738008477375296 3
76.94164869764589 23.07187926489935 2
96.69865626632144 78.13296027816935 0
92.29236698528769 49.93863550265171 3
76.98546676870325 62.96746787784421 3
50.58636057759984 52.352330409486825 0
33.76150744231181 33.67600344477223 0
4.238232023995914 62.38725364657846 3
69.63229144603552 82.08226355825018 3
69.90918369931303 95.7269915929349 1
34.12977465546204 34.77479812989306 1
24.6398014229526 68.69648036106237 0
75.01004149118174 89.85004641829853 0
32.00598568811851 27.188007396911996 2
33.70086161882265 95.45978783990577 1
94.349835635026 13.758335097635355 1
39.944382680543654 31.505390371070863 1
41.8836569016703 41.67207406151407 2
60.306970890935276 23.118982193508675 0
23.535976899428046 62.97113204891398 2
78.2544134671196 75.6207957407581 1
82.75909105963865 96.48929466037728 1
3.055695084421872 84.15518670827446 3
27.780616964418435 16.890510374360414 2
14.843939016051477 61.5458388588553 1
88.22512866892488 97.85928646286918 3
84.61458054483145 73.93337530220046 3
62.26546788316995 87.18097820624581 1
72.33300074614363 21.765295025095366 3
6.210109266272501 40.913999280773425 3
32.78702194850948 97.55677281725268 0
24.205598941053097 88.65895663021941 0
97.99508408359792 24.56391785945514 0
63.82443531454338 1.471145686106412 2
36.19340905555531 50.815174124772476 0
31.56703277625853 89.35326536640483 3
96.42535879880559 23.764732400953847 3
57.56296811382191 88.48019096360214 3
32.49332629048362 98.99715717802891 2
23.65832501598306 76.72390701064356 3
64.87296416774666 89.80750492955008 3
31.878236235205225 41.7522389503746 0
78.19851202998855 79.96639848947818 1
47.34780495436613 82.27516506700519 3
1.4668621759445832 64.15408781321307 0
32.16462429307544 14.036663118593939 3
55.66415375118103 47.88224962517438 1
49.45803109297097 15.78058198968476 1
1.5824688489284755 41.42494181841708 2
83.75142938475292 97.41650222424293 1
44.99989202421465 82.10477421657811 0
67.36005139422787 56.763141736799405 1
23.416610291882257 39.39552574734322 2
84.13234309401074 69.54299320994073 0
62.15442281571821 74.6472768759577 3
27.4948744011426 59.44792924221295 1
43.80334366058335 80.54701079565294 2
95.68998516750634 57.929839559401806 2
16.826828488139856 95.59751620702114 2
21.995402090642514 97.75804280812092 0
60.387310806475405 1.3656137375975264 2
17.037692251255756 18.840344867499837 2
85.25933585473501 92.35763944545347 3
79.7742831854737 22.65762493476149 0
97.98336440527855 21.31721774589631 2
32.485883242929084 63.091820822403854 0
68.82394751990012 40.90422646440109 3
55.810685257708435 83.13793343533514 3
73.09867004764979 50.72012071737221 0
50.15023474910178 19.03279346665502 2
15.840314853269799 24.702199854049745 0
92.59512855397217 56.07413199660356 3
7.874528330924657 26.925838996017003 1
94.89600229777756 68.79595582010668 3
98.97809450059626 97.89723520854612 1
60.15331750205982 98.98288105235115 2
54.92438011012124 87.52465312961417 1
7.402997375191466 49.1818409614959 1
61.89654568816212 45.69276560334643 1
47.26824328676875 72.12820782831382 0
98.239126179522 12.78312830058418 0
16.455909204828632 90.44292597830207 0
13.632631789760053 61.68602324151776 0
19.96079073436574 21.45388267040763 2
58.12476127969441 76.785368070305 3
20.02185241449893 44.60894457505831 3
92.42736248527962 24.06796420301519 2
65.25319015551759 43.946321770987275 0
34.13841737700511 58.93470540796363 3
42.462676046117245 64.3674534226177 2
33.77561379938214 28.484880003680544 3
58.17027702706745 22.816096651584562 3
98.52604919840171 9.000142800226484 2
39.442889494984165 0.7049194969923844 3
10.115683063379477 95.9091509209678 3
45.3388693288794 64.33376352742982 2
65.07289148614078 9.713548796247839 1
34.87851560450018 19.535889185711632 1
41.99081721475832 58.673312688218374 2
62.775071361816295 5.705984333226455 0
74.37287888199498 16.90163743681895 2
96.37519064902786 32.372580663785435 3
7.4698307519789235 26.41157718469791 2
74.31090920475386 39.00673361303255 1
15.077763863062387 90.11023587682348 0
73.55690843300232 27.56679977098988 2
88.17899146856944 98.95289421379378 1
18.69182016190123 26.819259872309097 1
38.999965316876605 47.589972398869186 2
56.667309326896365 48.56965262802942 0
58.84205654562393 87.64474839632912 3
42.73688667047142 71.25012840474761 3
88.11174817511359 88.70716808461357 1
93.24719802394227 75.06896958596222 3
39.08101516030689 27.89254348772182 2
98.0456565352128 37.21605772075256 3
86.1396302767358 31.49122042265332 2
56.10206555109008 49.06030661087824 1
19.293936845929938 91.08053198228305 1
15.780242271303191 37.20730565300929 1
58.774497585571595 71.2992436392068 2
42.61976169663628 48.662534183481384 1
8.91711782750807 53.379715545697714 3
51.31312649185662 45.98385224550008 0
13.222982445841158 48.10842629805939 1
64.59948331177564 64.91795909432673 2
98.6027990617348 71.22326822689092 2
3.4451002311519208 26.648288621404404 3
7.782714642622146 12.6934395189929 3
39.887967897922884 3.326115608342739 2
64.73626541981474 1.607393514073907 3
38.36644649119491 72.71552095212573 1
6.152472723904645 95.75970165803024 2
75.22822345151138 5.725012338754465 3
47.93867202737713 33.67029944799918 0
4.966852915754128 11.984907550809021 3
42.83207095096019 14.399872501478105 2
82.18102926440791 23.09037227094849 3
0.02897051137222828 92.84025035707604 1
10.79437014327872 56.60843308378888 1
80.80735940629629 17.122163624321797 3
19.87318997407035 32.65061951995075 3
84.74501707090434 64.76699530352 1
86.4771886809596 53.709530134736085 0
69.09685747138438 4.071022066406426 2
26.84648391637512 20.6732122688144 2
87.2384096966136 3.306218888344692 3
30.621405403711922 23.835623297095477 2
49.82993291904243 6.096903980010627 2
27.609582366113237 36.41024883031931 1
66.44418604276417 63.71200509051684 1
19.686711146970048 93.31691501539726 1
78.64552617982145 7.676867179746916 1
47.036977351007295 61.98590943471153 0
6.926660985774735 95.09130974140434 1
85.29160647096158 85.65178395020035 1
63.19827004909237 1.7221809854951697 0
87.37944820843713 35.82277222421516 0
78.07901055257841 8.183337617448672 1
77.13932564480432 36.95412516116807 2
1.3891890432205845 91.0498094504417 2
16.102382813425198 50.06929972851039 2
58.63404081870105 16.59118144094385 3
90.82116509056355 84.87793793348534 2
25.015154332867628 5.152226570351647 3
56.95957845621026 32.42155711686888 0
48.487772418610135 23.735367131744102 3
21.086921633735823 79.67955879576216 1
34.627028513980726 60.95617660265321 1
22.711482483355272 34.73086250627063 1
81.89535838042326 32.525133972036016 0
53.49521836250977 19.07793027390985 2
57.24715025166736 4.735772773131508 3
63.361543231701376 83.33662560078791 3
18.765598467539824 26.98218780029834 1
44.47248426457174 30.936309032195155 0
38.805697788177184 24.58339792035158 1
34.45951994419687 66.17385328901123 0
20.89463507886241 7.215044457583996 3
71.77843621663986 43.364054015821786 3
99.32238908994269 11.39780323329056 2
75.98703523768722 73.15142101948084 2
98.4261303707883 36.16142082899477 2
80.75939757868048 53.33877205367885 2
35.181985592563194 95.30361137864986 1
5.258358531226737 58.066150636046565 3
51.087180600752646 65.537299022621 3
70.75911783850374 72.75579772630407 3
99.9401154980604 39.51557830416047 3
20.04960952900833 28.35458697437231 2
27.478009565629492 12.31629592951765 0
34.094227871488684 99.23100839047187 0
29.667074222032763 22.31637272730975 2
81.3054970100668 64.70323583283701 1
7.070356821751222 90.4477315448647 1
38.6585588466293 71.29722655324865 3
27.326008817854152 20.62517504802821 1
74.7674982673297 49.27603266613422 1
35.055227467633934 38.2484729072712 1
91.83740830711584 3.058670383437301 2
45.94874053585837 22.5817789703042 1
75.85713431606034 17.845440373764532 2
24.721510355121545 53.36720756744289 2
91.37593709913706 46.74458568551169 3
36.470917952264536 12.580972210456022 3
35.27528310620854 65.12493759919288 0
95.79192839591254 24.848373312194628 0
28.22391301727556 52.56646758676538 2
54.22765519256549 80.1578574090233 1
99.28063836303859 11.693238184008647 0
74.37401773616892 54.42053793544518 0
25.92669615252696 61.78235884023693 0
91.43922830871752 48.96108407495265 2
30.271479030348004 35.8008764213759 3
60.469645179593876 9.658566885914844 1
91.38477923082256 10.240769247030157 3
46.82865669932461 53.83306202876316 2
2.7644454905282223 11.974864555489773 3
32.480876628313425 67.51434502240431 0
51.916099150772745 74.66470841494872 1
32.68384474638011 41.40318833251941 0
36.71523803440117 18.33118477072837 2
5.06493430048166 83.12841921801181 1
33.185159802944064 26.961019861198398 3
76.39144035981289 88.05704044599396 1
21.193450927844616 34.91673983695646 3
52.5936310824327 14.214036755982507 1
79.50929185850242 35.10062301889935 3
18.802265562035668 57.61908346450142 1
92.99121647244887 64.77406557106563 2
75.58347363059961 74.49510523008392 2
59.48459219203643 19.985674190038416 0
87.08730273907798 95.6683260341508 3
33.52702307057417 61.223545067440924 0
26.518243863902768 2.434360146163006 0
17.758223329191512 14.390258281561064 3
81.68581083786447 62.21070494888541 0
95.1468554103453 18.04462178437314 2
48.074831675068985 29.84192209323687 3
37.540153451829184 6.723291411997301 1
85.18363735048678 44.941634605030586 1
90.53268800672222 15.839201039321916 0
97.0634078645087 66.85153566855509 1
70.69674374505207 79.2927877697182 2
96.61858236063733 43.71063497486733 3
84.61187113713389 43.9928690044699 0
53.85405623391303 39.264926254407605 0
23.940620990230432 15.310587982179701 0
22.44026695602841 59.566078953165416 2
31.142563646772725 98.00373034408972 1
86.62972497498068 39.18969703736399 3
67.7510869489246 35.69241562522524 3
10.185084495345254 34.933575997591014 0
9.686275445826475 50.61521707652532 1
99.93434104346557 83.7804678369756 0
20.024494827644357 71.67487571966309 2
7.716635283714634 82.86487143682126 1
38.74139462020868 12.839979520994971 0
53.34875182574261 53.57674702516747 3
48.27855255843575 23.951624450222464 3
39.58187539469922 96.2729565911993 0
49.46500643426408 54.835706330711645 1
24.81484765764349 87.1991075296305 0
99.36728736753459 45.74404198962433 2
7.288820625059977 44.90188676523006 3
28.319875954468465 75.25096779236262 3
16.125793200316842 35.82156917825613 3
52.98999212888892 2.9344850863890604 2
93.07707773967329 97.57192238360557 0
78.25656188035548 68.8133957515873 3
92.17982620304069 23.642094231466928 0
59.097075504544385 14.26417284225019 1
71.86201427509627 69.73117659528656 3
61.550888066462775 85.7633457191679 2
99.20759752205312 62.42336542323864 1
13.00381149218457 79.75559381565084 0
27.57784228299256 69.68721747760237 3
54.67045714672941 70.8899523940707 0
22.45949266488656 79.91859432902166 2
35.0224923120804 19.455512777950034 2
63.83460374025874 44.576205914738644 2
31.15775116444309 34.24856811274607 2
30.293870774816302 80.67106900692828 2
1.7775574950559703 69.19846675386853 0
83.21904649795526 75.94279039801823 0
51.41536218445314 67.43483939800969 0
28.919904878301704 73.41969990954101 1
34.81154732546492 57.54692395339974 3
2.4656573458564646 14.019203751606813 2
78.01354179457454 17.491448077802076 2
31.379329386846 12.969235030753046 1
1.109145542447243 81.87972422756283 2
55.752705932530674 0.4752075641191178 2
85.40448228967168 50.18006389610723 2
75.19267547753739 40.255141002264835 1
62.92918430796837 66.57186466289222 1
73.10753452957289 83.4181403793266 0
59.14798708469967 87.41098150208337 1
52.1735792016901 2.7524633887264116 0
37.88573491097368 48.34309503171242 0
25.692107425855614 92.92082286955552 0
69.26278040905643 23.292616153084676 0
36.224507560562934 51.162161973945985 1
89.67018962516138 56.34641429116982 1
73.70714330960224 73.50473296092363 1
50.50947135994572 98.47193616340509 3
14.145459175669595 50.30288137660843 1
87.12565439356783 57.049490856604464 0
97.85429274859852 28.330533118625723 2
36.96202999525985 78.76353591251653 2
98.82562994809783 11.908259411668077 1
88.08025361326679 28.101412389126757 1
8.454798617485515 33.08075211351055 1
90.80611812331964 38.50284148660218 3
14.526906654067574 23.62972696033715 2
31.570905591826794 80.32290411413764 0
75.07074070469801 2.336083891748819 0
34.32807664166118 89.50356460977416 3
56.10653127170108 4.993789536888659 0
16.92939389453626 71.90428564401364 2
76.65555222461474 57.26371627766258 1
88.37110935658478 81.00448121236505 0
24.012321412421812 88.13820274101172 2
42.989019543728304 9.655036375150239 0
52.42030031746571 58.505572951856564 2
43.3173219092422 80.08300071465011 1
71.21795539396851 16.599125118257174 0
63.66087406382667 75.89635447063053 2
30.826046635691117 78.96463790554917 2
99.60438328596065 91.66048063231344 3
57.834562789633125 10.221468146089418 3
80.92743015432585 80.085278690924 3
85.48556066347935 82.2039135567386 0
92.8365977790769 28.866624650507823 2
37.710058470028926 46.50076393343618 0
86.48975156196678 85.72911091489655 2
26.933826274062156 30.800381137208323 3
37.361126182479055 62.202498942983475 3
28.89950798821569 11.884088815416938 2
73.84814025384824 72.0269224670155 0
67.4895110456235 27.54179529026255 3
34.55386126756693 38.032954711281505 3
8.842542957384826 46.11814386306572 2
17.92978501600223 16.34380507182356 2
47.84278274229333 81.29766870610858 3
71.65422452292025 31.049479327680174 2
92.20054762005473 22.474112524013833 0
90.42600689938492 76.42775854603477 3
92.28108208716837 77.66850443948363 0
0.7516436937818893 72.9957144983087 0
4.162115305731573 3.950481852064802 3
53.55987319860195 85.9632623505628 0
77.03408383698839 11.901055440352104 0
35.44651463429865 84.64652566845471 2
66.47468836159321 4.861258357064557 3
45.14292569109445 28.649733778331164 2
58.45662817362941 43.68927508898556 2
58.08705388164701 1.1338838071896729 0
10.442657653823751 26.85792243461087 0
19.28377685865552 85.73419781455875 1
81.83261789543076 28.49521088468959 2
42.2630017181357 90.58411532920024 3
33.01338711287223 7.384762047228555 3
71.21802104443987 6.464366779545438 3
12.983768445186294 99.83541100370802 0
22.110818521906307 50.46378669053505 2
38.49107221190754 28.604120194679915 2
78.97930750145512 10.57850366847104 2
28.162372088192733 95.87691538305033 2
8.374688629978632 31.576404361894504 2
38.87973359503009 41.160055032899265 1
29.637747100440958 70.99200245488849 0
12.308828656182303 65.54239161582066 1
1.4818533031674463 60.065944992294476 1
69.75299160323192 74.74591812304445 0
70.10514616686673 74.03065637654336 2
19.9732145183215 41.37035240825922 2
54.971401753807406 28.905920277871456 3
32.55717402526738 13.460597293373377 0
83.82409909586424 88.635613141326 1
77.24784014412012 32.1967932556435 0
22.525538580564596 85.98467998409083 3
28.792362517366655 54.05663053090933 0
32.086291681684884 80.88613340596417 0
98.47528713510802 22.132291823265547 2
32.937890366214305 95.25666488606917 2
27.817239769676483 84.61789295683631 3
19.10874967245475 79.47306123897427 3
60.20810460404304 67.0870948120871 0
69.07410552480988 78.06671628880237 0
55.35303467723101 11.76460119062439 1
97.79669564749531 5.970495418522292 1
97.1124726515396 49.01427681501862 1
65.20225720863091 5.90331766922747 0
95.41711672711317 74.26235361559904 0
17.11049231356142 76.70824647587028 2
74.23011112408805 24.676148914323836 0
98.37130050780164 96.95296898819122 0
26.106752848421223 96.04021172935012 3
60.00499480368177 18.465516226653666 3
21.330192960309358 49.33140705646877 2
94.75600954630968 97.56694850853044 3
57.16329924086795 84.15263250951483 0
82.09167827921331 42.5272209923237 0
8.868524115958532 69.19489775055958 3
27.406178263944437 27.62279053613974 3
56.52931242921477 42.674923312138226 0
44.84324372135363 72.08184498286072 3
31.608365618246815 95.84868636355071 1
27.127432525248384 45.938001687611795 0
91.78884803402447 86.82426173245241 3
96.56729805238324 76.2952675712437 0
79.85104554400887 32.26225331342949 1
64.61812864915272 24.86778108463693 2
64.73581562008278 59.56891334779216 3
25.069861822477748 48.96315623761273 2
78.55669576658742 70.97767212882695 0
1.5726962284036805 97.75185072334465 2
35.85608728336142 36.01036584992134 3
27.378682950183652 69.65014299251344 0
0.6835097053811912 31.671884370868753 1
41.41094339777901 71.0207397271899 3
61.76408246328754 41.02346481042735 3
87.37733910725056 54.21960971991159 3
3.6054899450405964 15.214648420951205 1
20.067621583451867 11.196963905671831 0
24.318200716478156 54.85586771872835 1
19.463052448368746 86.8416318608217 1
59.50280146967945 62.33271205553069 0
85.08612101227952 80.22918021776465 1
51.44214097452806 46.034020603645445 2
22.73054206260996 12.935556832069462 0
10.454566404431587 51.17922065603593 3
14.810186958974036 26.317740996751304 3
87.6678704291432 91.26676676936192 2
93.88369700604864 70.4262467609962 0
87.94780868885694 88.53547530453841 0
41.143076625981834 78.75162739432933 3
84.83241823202054 79.33117880155932 1
58.9740467760698 19.377111744136734 0
68.50118541200295 38.84806136301111 1
24.87275836028705 41.26216324959999 2
19.882609017990603 46.97922936787571 2
27.622507351277637 73.64284178198662 2
91.29341464760346 43.666769658475125 2
55.82543420390813 7.731490372880234 1
18.913008280213727 92.83384796954947 2
17.301549326808384 76.19931949960456 3
9.839260361784142 44.11545813424297 2
76.9303896825791 78.18765992668321 1
27.276633483695555 63.20731764416942 2
97.8608779507844 34.857749527943604 2
59.05498590992369 19.6856289853477 1
2.071393074373895 1.7749788169071357 1
91.7481687162768 39.664544884162254 0
60.088154157862284 73.39101192228296 3
75.59025952206028 39.573124236408134 0
28.304377742684984 35.770996082489305 2
20.78383460175619 0.6513727432531868 0
20.443984538470083 24.275750967871623 1
42.488657356682666 45.97312436590209 1
11.748074593167779 5.7863321830000425 1
97.97917703287489 32.24419670686759 3
19.954140401521613 51.51418645026513 0
4.788900468939294 80.00915396990143 3
77.08208555509661 5.458498743960504 2
73.61907286400726 53.35125456657606 2
41.687568770290284 54.67148780267588 0
8.962970519137114 28.512587289047396 2
2.3153778867222807 57.598232006132335 2
39.62272611636231 74.9451316750757 2
50.20197111764516 83.2806274171387 2
35.93081235312847 5.3245529045816475 1
1.9322179480758095 58.38808177947177 0
89.50710148277062 68.96521729967957 3
23.505114374608937 72.17182411906056 0
54.45557129143233 51.10800626282823 1
44.77081810857556 11.856372614385535 0
56.15640185317322 54.58095790499466 2
44.6077821137405 43.83754289512778 2
97.42501058229988 19.641547505952538 2
1.857061699729523 30.574922864500877 0
17.733094987329256 70.66589531340108 2
82.77878558996755 61.28977501662368 1
7.1126588730865965 92.75843181991877 1
97.30755373746082 46.90103548406911 0
24.439600381019744 22.667395637848376 3
89.91065908804647 27.299762444867724 1
68.18218909639138 75.57180818686591 0
70.02869779682334 34.0813358504936 1
6.224270885972838 7.444690154560618 2
63.44514962708685 30.987121363684167 2
43.93264617887237 77.37010140032592 1
53.286793254580274 7.7695557965381195 3
25.41292814720513 6.155501564232502 0
15.89718365060574 72.09573988418855 2
47.87147679181333 66.10994012843359 3
74.3118582630396 69.56766382258533 2
50.73092209050402 29.845220245514138 3
58.33639392163903 12.747651087672418 3
20.573947185074793 34.421268387848414 0
6.298581889861643 11.889680917215228 1
43.29822567396246 80.17503187761909 3
87.49460870904281 14.694161067429345 0
47.267245187558174 86.50659773369429 1
83.16548521538729 57.6291338342332 2
76.86813146437663 66.06230748630524 1
9.35521223717889 60.693442831858455 0
11.608120932753152 69.58442373509764 3
72.24368079736834 46.14068531305416 2
60.790780021726164 73.13277864863255 0
65.28944047030873 52.524692999225934 2
74.38208112391837 94.51260739241192 2
27.12628567879203 8.349852180804163 1
33.63495691183025 98.99618554964854 3
56.60477048393059 77.34536371676003 2
70.99527967090154 52.52764323945173 1
32.85589873002262 96.02049264703595 0
71.71896618665373 73.79685310292817 1
99.14510875833024 70.38148697525361 3
29.183206721252798 2.2017916985060615 2
6.658171886254783 30.12465826186136 1
76.98284224175748 24.926480013048792 2
26.083725738719345 76.04504102337482 2
54.3441557967874 91.77272362528686 1
26.923898447276184 29.626017692741446 0
82.198947316515 82.91428527639648 2
32.57625295231751 14.2680938331467 3
52.7426540811336 46.25587241078812 3
54.54100916135881 1.1851029989047412 0
92.3196311048842 85.23869264095681 2
4.174576859821988 40.19102257809348 3
1.151921867277772 46.45885426021569 2
22.4950613582767 62.87658297480916 3
77.68998772058615 4.309274535075169 2
31.281114769522734 29.709613749467035 3
1.3086476780295508 44.698904913138605 2
8.664457703584272 89.60028416782792 0
72.88782407519805 59.134834247338816 0
99.05585897703052 88.16737396028073 1
88.92893558633052 20.453008329180143 0
93.63007332098752 1.6290301902144089 0
62.54672900767561 96.64242130328303 1
40.0364861066948 71.66263775097077 3
20.028690830937578 68.67073621086823 0
79.57838522763075 8.96506512716594 1
62.058261275746595 5.6405172707477575 1
89.82312310252945 39.621929926401556 3
66.52469966667664 9.361969150884919 1
82.6350823463353 8.978275053763562 3
0.32174799972565227 55.71984996641574 3
53.6539104754228 48.316446124159775 2
23.757571010259817 0.2519894364690467 3
23.48332987533672 14.152767793227872 2
52.46900208933347 33.51753406791803 1
69.40364996674738 8.391116183102355 1
57.109024575071665 34.19893295081526 3
12.530622736997598 8.847698989976461 2
24.045859967873074 56.56461204472215 3
12.495991292660968 38.48730148535601 1
13.338677053888691 78.99474019804296 2
84.8384669505893 12.326857085411735 0
26.04203543560699 65.04281737049041 0
11.188530356400772 98.515277407223 0
23.08825618002586 98.85013018524127 1
50.86934752270792 92.6048607297543 0
4.700034416710286 40.83129347913207 3
32.11802173501545 38.28460643995999 2
0.337482668732203 81.53484488064417 0
0.12265256900027 35.606861070793926 0
87.73245666274917 7.024418023644219 1
93.06668102797978 50.27145940561007 3
79.980773546466 57.16767227258116 3
45.72776948067929 3.3948716702059123 0
25.98657831138853 31.098300081905773 2
44.98733115462065 94.33648999891481 2
11.1291083259067 33.1532740936016 2
61.53534181606953 9.737075615085466 1
80.44331869895433 82.23241766133134 3
24.787572345146547 56.114596810884876 0
35.49099409809929 45.98553318794419 0
74.08468370938184 15.212584932341555 0
50.73476561989414 58.247509473526414 2
24.722102035633455 48.97262007363329 0
88.37685442693065 61.668118965478826 1
41.9770950895635 63.59870130676267 2
4.890584424972355 1.8785104035930256 2
89.79798382795278 37.72743684481197 1
58.38107528946372 41.991223122115606 2
42.79450063537349 45.21556358589213 1
83.8060701722544 98.4292507431409 0
95.53158401677841 36.14150894636189 2
61.122158834344866 15.37112553645359 2
18.069137306188622 52.32680189661668 2
4.057342732783131 95.35527744127589 0
57.797269830105705 45.76833817314553 2
11.462952718392627 33.35788014192496 3
96.0171852214617 49.70765269952072 3
87.49053608219161 78.20701292920343 1
64.23452520505735 74.3009951559014 0
20.538548097299227 87.86061708696573 0
22.231727298706193 36.69169834511349 2
66.67990227835404 22.36090076421613 3
90.85652594957176 67.8718502771988 1
19.33643203446691 84.48373505015813 1
72.67249388958248 29.7433632321342 3
58.201486914973025 17.677374187177975 1
11.134318138319854 40.6944189245839 0
93.4637764963472 28.72690238744269 3
82.18471037655843 27.379432931216485 2
1.8496603816515078 91.73453559987091 0
40.99067355669095 14.503979484852925 3
4.432810531797293 90.30594965104268 3
39.01000335548247 97.17631856547875 3
26.023074460266383 77.20964422923502 3
58.02017559219286 65.42766411068692 2
68.78519034889983 24.91406736091286 1
37.16990533854596 19.372087177398978 2
57.13673017955887 74.50352867673125 3
87.5568792656811 36.357435982199846 1
31.1946833531795 57.73314779335536 0
73.38702764236696 49.86394190310646 3
95.45787361461244 32.01910851825943 2
98.32844461232223 80.21101465123492 1
0.3907761339622895 9.988972891321612 3
68.96486403934327 84.65823352673529 0
51.00341084681107 67.18709504265506 1
91.54199483781686 76.05957027258926 0
62.56824341984355 26.208935777825904 1
17.899153666893685 19.695571481874474 2
16.637424656097366 22.00837267406405 2
35.787617375571045 58.81385069805067 0
4.046543281366944 72.80205165947737 2
66.0498921981272 76.19509243495003 2
60.50985392198387 68.16323163002654 3
70.06241056072793 42.2220656324985 0
59.20772895308335 46.26041614902079 2
36.230583544154 24.081811814955735 2
37.0704306597082 0.5169714807535475 1
23.71825817249634 32.86880578254271 2
98.7590833936908 53.33316994774172 2
23.859125974542106 43.723852526190946 2
66.45931564175176 42.25762204476388 2
5.056355343661445 98.30303269990111 1
86.3595601775913 63.49130105348224 2
32.208117566029514 71.16288934794753 3
25.931518503620644 71.30513279798213 2
21.873141316574173 40.62274277003335 0
39.057911068942516 9.686817052808161 2
49.52900519329761 69.03874379576847 1
84.11082195037406 35.688927900262236 1
79.03897275229572 32.94583749335915 0
32.454023725117054 50.30544122684686 3
97.57122327561237 83.48079302964237 1
89.89342430649893 9.508643688263941 2
14.769411782543983 72.42343762750092 0
48.020164239200966 47.977470209372754 1
87.37690436967087 93.77869050651904 3
17.35602749470647 28.98948618159092 0
11.107664639846092 36.871583447105714 0
99.59524744117728 67.9182188146044 3
49.87764491324843 77.95381201227815 0
34.38936638415058 82.99903360542883 3
32.689133585773924 70.94716734063223 1
45.430089530737604 39.28095365682574 2
77.66007927423742 34.98159056974215 0
32.664176767642964 71.10369540182656 0
78.69554136353597 15.303603283678491 0
49.035823940565734 66.96606044103974 3
67.33567315211648 27.857794035469887 2
0.7268860025572588 3.233556529905124 3
22.258163923035212 8.189437847325232 2
92.05527297737981 16.586762069558027 0
67.16466487057016 73.0968930175549 3
64.400412588774 4.146192408160665 3
54.57375224941651 21.641352396408166 0
38.41669844086073 24.0223281140036 1
71.96889068948207 23.02531858527741 3
29.341479600770583 8.368515177242319 0
47.324405246119106 19.497246950338145 1
38.94289879022642 22.811140329896606 1
33.17340729066521 21.122689622693137 3
99.33664347049 81.41739417770548 0
34.039681635237415 16.786219368648013 3
38.40697893564462 7.7155140425069435 3
63.09992169832574 32.991571992704515 2
31.916675542557105 49.11395748918387 2
47.12476366297748 33.77458732599054 1
30.98293341967465 50.39269427536783 3
6.448434435172512 75.40869231091915 2
90.97905096097303 90.50368556122592 3
44.74390897598223 96.68406425659857 2
34.95622076301142 64.79629787913458 1
98.93683562220656 75.18207360377022 1
14.33018408943456 55.89660057978485 3
59.45874742982142 38.31382704935562 2
27.247621617833783 20.219589304126607 0
45.51013921163888 61.23667350709137 2
47.81335612423617 42.44514005719312 3
49.871981576461344 57.418887467866156 0
25.31600984372705 32.46579275523188 0
40.80584042605647 91.1164717839733 0
27.996717237294 92.55966627387583 0
70.55781353474305 38.849125678419284 3
8.783240973044848 59.675638486857565 1
40.76401643521237 50.196180714831925 3
54.25144614227996 28.52405372578698 1
0.9495987544747009 98.28658844176597 3
54.698072093184514 67.15168951720447 0
28.76315628267121 69.91601047743436 0
81.43136838910016 11.196992148221007 3
36.68139403491124 57.612245071255415 2
69.47667464269735 73.55605350878501 0
88.84526416333884 61.575008044311176 3
18.321291936253104 61.001523667842136 3
87.43893254351542 59.91020040034287 0
36.87327049276025 0.7638290786743052 3
9.209412954218655 88.73678385451531 3
42.281521611783766 9.589738982740803 2
75.47479875076498 68.19748963768579 0
58.53061383697481 29.760960002769508 2
60.01227245533107 15.148113525034601 1
49.17207299607418 44.81492905188087 0
14.72465420743979 56.057677374527884 2
45.953691833613085 28.05909902934658 1
52.74471895128507 20.68910471889597 3
59.47773408870243 38.87937427899695 1
36.17680479559093 40.59442925122916 3
92.9175293615603 35.117482289781954 2
56.895335557182136 38.38007584059733 2
74.01428733086911 75.75977643124972 2
33.036303629859546 78.20517994745148 1
71.7158340368793 55.43820821000607 3
38.209393714031236 25.535678122491568 2
13.347961213704341 85.35243781434765 3
69.81955315212612 23.97206297565313 2
57.44141054927305 81.76882896413102 1
82.71167934937759 1.3491319335581897 1
57.67305279937377 21.697037188689205 0
91.83576398820995 63.62969416058141 3
73.39781803246291 35.66963055519524 0
65.83684227078786 33.82983537732219 1
48.99907965010941 29.110813461207897 2
85.31618321115988 73.52464092072401 1
95.22213910662319 62.04818062726981 3
59.429092107144264 88.90174399516351 0
62.73299345587991 90.95691819114862 3
32.26773546427021 92.57308776593285 3
47.46408253020565 55.01554210011543 2
3.527909261268114 61.97872522999314 0
75.77533648876361 43.36609023412278 3
59.84861857493053 53.914829963237224 3
24.519509407760243 38.98874507318383 0
89.72870345207069 79.11390404479135 0
9.534862627478024 61.632842419207115 2
63.84302573043652 35.730953863658364 3
49.71527104518366 49.814371449186446 2
76.49729794503585 69.38092991497392 1
15.916771597378931 63.0130255105524 3
54.55638554021217 6.536972078140401 2
89.47036843917807 48.80368994662876 1
52.60275009219413 81.12909456305458 3
6.462382985432735 46.76497015524447 3
69.19478207102307 96.17932839676648 2
25.857400527376385 19.689527667987473 0
83.91045579681175 76.84171177482054 3
80.28158425237571 23.564909234690123 0
71.96095416788457 93.67054686638193 3
77.10822472088395 52.69236338642311 3
45.015158360111904 21.181723887509428 3
15.153375842473826 27.901941714177646 0
13.821753060664276 4.126390611101327 1
99.67953209806404 81.63250415117457 2
34.68398480929734 32.56318024345328 1
58.68589285928353 21.521661979243568 2
2.8341289640453238 63.69926231847642 3
89.44406469600398 4.047862256480627 2
1.4433704666662717 67.5514818313922 1
42.9372756549315 96.28029089902886 3
24.221431800315663 48.76263395460042 1
21.457724851122016 39.607750925321575 3
3.336744783934753 78.6158859341122 3
84.16214266548437 86.0277202585521 2
84.61731990175858 78.29741719733218 0
79.55533414726825 56.4803897089026 1
46.4902966935856 54.23406214570091 2
74.84310769243 75.45197238860426 3
42.20438592676115 94.43442176294553 2
50.39717731982994 2.7212765982236653 0
70.79313569685989 18.397089396204468 0
52.279747587065884 89.78156558329896 2
57.41494625284287 5.78184040137304 0
60.36123162627294 51.42079780320073 2
75.49185166825488 84.23369872579005 3
63.5981719268226 47.31253971975524 0
67.1543081288056 9.999377843325053 3
72.24825761196513 26.96776565538068 1
41.3085139210978 61.880022196164 0
43.08435594505767 9.267663492726385 0
30.174790806158434 28.037425871099963 3
15.385329210321274 76.9718632061391 1
47.07265752442511 59.994764888415716 2
26.222237849122543 88.1092033859037 0
91.9049763271563 11.701926792024253 3
8.47837564815338 99.84883570527047 1
60.967615092101354 76.02448531377686 3
75.5766510066681 84.42853318380264 0
94.23068226441575 3.8078957532422852 0
25.874167111348566 26.928145470662923 2
52.3634290376048 16.846667811105533 0
27.555177839622004 17.892987298717966 3
93.094580295883 12.523731217193458 0
4.379879395107167 0.09927998929026849 3
27.98872809330336 0.2665613283548085 0
35.01701148424116 72.37873677524867 0
81.68150485822315 5.812520144147982 1
10.189969472256077 18.501461934544505 2
33.241797615700655 80.27753318529388 2
54.088362147353955 22.893664625739284 1
58.494901644619155 39.67179484360346 2
70.0853754360098 92.89899347625769 2
79.09299329668369 80.92032999655095 1
53.551888886178865 26.993057320227198 3
66.26309951839497 28.519653351266893 2
10.540462433398645 65.72863666444773 2
80.06938935215358 11.388998963895547 2
82.37278529393393 93.09839980383535 0
8.650913894016066 7.215730335920101 2
96.43852375615597 92.85528026325144 3
5.442915880411969 32.896273160589665 3
78.07844420886376 79.93248340756321 1
2.9373463533814204 58.01380292991014 2
67.161020650991 85.22863815608261 0
22.18741202957606 98.82491070208903 2
78.41659029460982 35.02795243065824 0
9.968999531059575 16.796868413146694 3
73.8869280982897 78.99713290720031 3
48.14161367459967 89.29351959212897 0
98.8599559723251 39.397133038719886 2
91.04712166911362 26.53634098821086 0
89.96063982769786 35.371424292807696 2
25.00020222691316 88.41143615506756 0
94.43597422842716 36.37097534171067 1
71.11321406161257 2.503128460426396 0
82.33996683877717 26.02500856033193 3
22.970510176564108 24.024157761624753 2
5.416406465573176 53.790379252679074 0
36.77706332829834 93.87559196381959 1
55.43427947827634 53.60457984431246 3
13.686137710140422 35.34887698760638 3
33.86485436165062 17.734095901612168 0
83.53606684640901 37.95063553560393 0
15.951885137501943 73.55792603427159 0
45.909950608664715 27.674171541137106 1
62.426877480632946 58.093193128983366 3
19.600548623806226 24.40187053146783 3
73.4909008226304 86.8327389754083 2
65.37400580417867 62.82782554118674 1
92.80949402896059 25.45291915593375 1
28.187080905485818 56.76230960078067 1
75.65337938569257 22.148180163014775 2
97.38746683766163 60.120212476720184 0
65.68632898040202 1.5034795674396029 0
71.42423520094202 18.774662548811484 3
31.28263921887251 7.714299680569914 0
59.90123309187408 13.752108658502493 0
74.39423001985742 9.666747882166526 1
39.10419269031181 57.21758689758724 3
88.30983100493145 92.72856675126047 3
80.21472265029428 23.625542842531612 2
87.46723700632741 9.052921061022323 2
61.60450051930777 36.693344117052874 2
66.94243917363707 34.02991695812947 3
83.28061032624045 19.198384410974178 3
76.55427342329027 52.375553853912706 2
0.7752611968571355 57.46910539914073 2
68.58521813990855 1.1117561852361901 2
42.63548942953225 74.01674570176037 2
79.36368145635497 50.596018521520094 0
30.884493281121106 29.695009696741824 3
27.841589120912424 11.274197546260002 2
4.35376629978842 46.48870743958333 3
70.12066161630763 31.091068601315353 3
91.83369655286113 0.7051662298670935 1
10.2349868584247 49.79791117079147 0
70.58856118241357 8.690066173609367 2
87.26803974978006 11.435402671384098 1
35.69750975156596 11.729164940562232 3
41.31507835471589 9.094465625272441 0
83.58833360110924 99.72345566180653 2
53.951420987674815 69.75115630450802 0
90.5035692341197 90.73001144910423 2
32.03761852051551 13.207787373869785 1
33.00394268544202 82.60595851784996 0
20.320971590115555 39.62447661897581 0
2.5043207335674 92.21328199934767 3
84.40544762926709 62.13899395125466 1
45.70285719794621 82.06449456295034 0
61.08479492324667 57.458147867811896 1
52.254275761744296 56.2518043963946 2
22.163694002483602 5.194833876300908 0
51.384658487203474 84.52862613340234 2
27.498582161440044 1.7650185825215714 1
85.4389218209148 54.892176758301716 1
0.08113799034188407 94.31525048355182 2
10.690306522587633 57.70547890058341 1
16.531104157266874 92.18462927406657 0
59.232114251146314 83.21717991089558 3
0.9797250111810318 33.39709934587455 2
87.22676617868247 85.14216539164534 2
1.9464626194494072 17.733162570727178 1
92.03301429368766 74.54335793864028 2
26.602412713528565 94.90179674139844 1
36.0525472534017 21.55030129455585 3
26.376760514998633 40.223671094752625 1
74.11256291212825 5.423842098505882 2
51.36969411163288 32.720059679565864 3
43.04167205893381 55.732630139916914 1
76.42395646120967 57.24730311279333 2
89.1059966562844 66.65978065605755 2
85.03257547767089 11.605616895474814 3
42.18639555507935 5.813810559850974 2
49.65080707256158 32.212255752384586 1
54.961251129356526 13.095665589123628 1
51.265505231761985 67.07676603488959 1
52.65359306169284 69.04772655119767 0
44.14664636322786 54.00249370956669 0
63.382116985918536 85.79267044992427 0
83.23420704619136 71.64983985274887 1
78.40154612651459 86.14125539325565 1
49.3582221589687 42.36755227977156 1
53.57906561044855 34.222903959600956 2
81.7482025132729 81.4073387179359 0
99.08513892779708 99.05911841599121 1
67.0729307366266 14.359286366678282 0
14.929359679691313 71.68674246431806 2
82.42474453318412 64.33738289177153 3
98.08285655660094 89.7372949416993 3
97.39163836531563 59.76362754497862 0
52.69192215087537 71.10279182911837 3
5.154913072936662 24.54596852922123 0
27.08492412302954 36.373740930195865 3
29.45795783843801 72.68434350843619 3
64.48781307908676 90.81504508625324 1
82.76021956706626 6.964403711933221 3
81.111552952533 9.553304276231845 1
25.238405370026285 69.38068687290682 3
33.80910910314719 5.564306675953223 0
91.49406618535762 37.215454766904635 3
85.45449941525673 55.10279562904462 0
3.4717036471451412 17.681060174053055 1
99.60681818342852 63.81520398638993 0
67.10912987420926 80.12564908265082 1
65.67805850089007 58.8414118597112 1
12.979728759065434 82.74822819485308 3
99.24489264344007 13.89273129935723 2
10.901768008446078 22.01438836007201 0
11.364225089912573 57.08035556271449 0
88.98343347175664 5.926449237252807 1
49.02827423049659 95.66770476409052 0
66.39602422617263 4.848778186741287 3
23.88191524657084 37.835650506047436 0
55.44180510705012 46.84613073851064 1
24.893652219225125 3.086664895985758 3
93.3435739259134 82.32622191066599 2
78.46578657449096 55.79429551730076 1
11.206745788542062 76.38962387928142 2
25.01129967881881 47.0609804215662 2
30.30537013825281 70.98346345990237 3
56.674202522306274 72.72944943959654 1
43.85984702392742 19.295444377774494 2
14.195387541303361 97.59472775090082 3
98.2909703935035 18.876140096400572 2
43.417758007925265 14.32221264466067 0
69.31474479754908 41.29067351997 1
27.898816400630377 96.02489672780511 1
7.34162872172991 52.104475234006905 2
75.46541545926773 28.276072630564975 1
21.733748643830875 52.777943903188586 0
2.8301961649825347 58.90839252509799 0
51.03469257950353 22.997289737673967 3
64.5788699133327 42.28353396890478 2
34.098014737900485 55.008755592826674 0
89.68960168527474 32.51498039236898 1
26.392777681917035 70.47024316879083 3
35.18060915590576 16.76468986935604 3
14.26283029507096 56.63567841483316 2
59.573055739635784 39.07036175191618 0
49.77664463667407 22.784016944031148 3
81.78854814117251 83.86997258441723 0
23.460265161529204 41.12824970495006 1
32.40902867972599 4.662871034946758 3
25.970363773933325 58.89756193383009 3
78.98563581098446 32.822990163924636 3
59.300974712310776 41.785611914509744 1
42.92420740375701 16.01117501930408 0
99.34788334250173 12.461509879923494 3
12.978595880465438 94.57487281488525 0
67.95452369928348 6.7785669672666415 3
7.320170270587367 87.57341195255641 0
16.190038242906212 57.08315414101305 3
79.6146939751141 13.455352541648635 2
68.16174774908421 42.13834943895441 3
11.373737045136822 38.90669889879389 0
59.95902808137855 60.484352776060966 1
1.9226963520980411 76.49565532222924 2
17.957035711717694 80.33647275766657 1
82.66628788855118 33.9315446027508 0
15.90891903812005 47.397093459499075 1
67.92487351497529 61.54443972924609 1
96.43189029440235 52.61441289212251 3
80.41573863319039 20.088536834385895 0
26.459874754408396 83.91678893269815 1
38.854902345058896 3.714475181199539 1
59.41973095646252 88.45367884644216 3
83.40711761162387 43.43721332224174 1
68.36425238550092 20.397526138175216 3
9.002199669815592 72.40568508293292 0
50.038227127783344 57.91363392155934 3
25.333042483584457 26.604439324763185 2
36.97267207523367 71.8587265334708 3
3.827146359408573 55.5680180383514 0
37.26000737216766 99.86761660622143 2
82.45097259770957 61.427968013800104 1
97.20815911833837 49.10257602357464 0
31.808440511295398 55.104422364335925 1
47.11659696460625 99.6169905923304 2
91.539765761894 1.509813552194894 0
84.46032431779312 60.71191676159157 3
50.27292593882267 2.9892425327258443 3
25.629832874380043 50.861239429382955 1
58.882650891438374 49.5596315009165 0
52.21649240348343 68.74370542092937 2
21.72804467304149 55.73610544525298 1
9.327198411803872 91.61084912593167 3
68.30859106149431 98.2900420875226 0
46.34358930031001 47.915812463022675 2
9.013173174847655 43.67287488973237 1
97.94768769713333 48.61083716944846 3
72.72413685384466 52.864632512264635 2
56.27081810334552 73.57147332608204 0
7.153781270071535 52.91732450391695 1
35.91764082694699 11.799645093617627 1
26.991126019965826 57.10040850046214 3
68.85456676212179 63.666293244819 3
69.95604075269647 83.84015026881639 1
54.77218358375726 87.79260033366498 2
73.77388655341977 34.80380067541968 1
70.26560090015657 68.81633860406538 0
71.23132216145781 98.8767998077976 2
24.20485827315376 28.846028268279888 2
8.53425657654543 46.54856132042086 0
27.83380980556943 65.67475413792695 1
63.15692016199665 64.05820766648453 1
96.38177898726293 65.83976083145232 3
29.973512630799625 43.319669897199276 3
27.493685094601506 14.027409531007972 3
83.00324824886727 75.82207158728674 0
89.64676143746273 94.79827860280588 2
77.27689653815682 80.20737748749812 1
17.24984289428466 38.53795284787497 0
32.5891407249871 84.12469129676516 3
69.02719392891115 88.80584633896757 0
19.87902147594893 31.039812889137085 2
46.00052385059345 36.23220935658367 1
98.74251347263476 47.80078355599201 1
46.83007782084254 12.713045821207281 1
82.59858116996999 90.80743436215255 2
17.17056103488356 11.92901082697302 3
73.65027599934456 65.69859891269142 1
95.93241001883761 49.06989679380952 1
11.022858904839527 3.4735654676753325 3
90.32627892045396 68.33819764685906 2
18.02141148127987 75.25068753837225 1
94.37172768324879 67.37354397041901 0
38.63797503392167 79.23187293543576 0
32.30072298471035 87.28065338316736 1
65.96234727570993 59.02820626987768 3
18.336824672247374 9.764348284532055 2
53.05828147987097 5.121855805153919 2
64.13131410055553 40.979590476689275 0
16.17856893598576 30.582710652286494 0
66.03694142862709 28.320133754087685 2
84.76861821368496 8.748033614884443 1
71.52127206858503 83.32142373328732 1
23.048485264776385 39.979964078456064 1
75.83336725447928 52.87412382029124 3
30.66144325946607 61.77963034766043 2
57.21675193789767 10.001599667211291 1
59.44654870441283 9.737515462654155 3
89.62609353631031 46.69954403779985 2
25.292241586581564 39.875390436135895 0
69.28297828012364 57.58541819359778 2
54.8596728199434 32.54052517216647 0
57.78063144044586 30.413832547768884 1
60.97084564842737 12.631852039442215 3
7.416529024679441 5.80406353415116 1
96.74964142698124 89.18025099400855 0
48.10314580392656 56.28426009176694 2
54.58639698501633 32.93803146453615 2
49.66177966270606 70.91742984585397 2
74.5715258146868 96.05908125624923 2
20.382585139505917 99.24000146294016 3
4.460933261567046 94.90308050376066 1
9.217961589623558 12.773883439798883 0
17.816308929381808 7.381548042337204 3
88.89567944683552 53.15744191004802 0
3.873697739145643 94.51660263890484 2
57.397449180207204 8.805446327292 1
66.52333396806873 55.50458367868543 0
5.674319602988065 20.749849253770236 2
16.557194595012493 64.57568200526288 0
53.997346635628126 24.88834426263771 2
51.15160207636461 68.40533525918447 2
1.7861662080861374 49.13872189531294 1
38.18782466925228 29.084981087357566 2
60.37211717563507 18.886935492892643 1
78.98394472803454 34.44554712499121 2
5.9322729376294125 75.53546447869124 2
76.63573336932245 83.10436306455698 2
17.081159471754514 58.718522645753424 0
49.090697273536264 91.58562196397843 0
46.00738585987823 36.76391212124472 3
9.148769845348925 0.2053311813267844 0
51.09241903031065 13.911966332795089 2
98.59419758849234 86.4966564062545 3
96.77314966165491 38.135818480064444 1
10.250913723051514 39.27686125570635 2
44.64189144887764 66.75235500257634 1
2.6023917252982254 60.41393169797401 1
6.574710965133523 47.79371837138176 1
2.943176754669885 92.00794155432331 1
20.638234643108213 62.45545984002301 0
16.971597733561772 17.09576563113514 2
22.418081168560423 90.78629740714604 2
22.249578669424398 67.76301788986301 3
88.9593005663458 83.53639237078568 0
62.68691036570214 67.01258029590804 2
54.43061491711575 32.12439560144915 0
33.71710438111637 63.82645980389579 3
81.32009754801692 8.933217323660402 2
3.8628256877662137 99.08994683903396 2
47.946083338601774 34.576940837921896 0
67.76938909871106 61.47597573068093 0
8.776320092251222 4.6220707706557285 1
63.67719115205806 28.610625481683826 0
34.30910766667862 9.77615637255177 1
84.97454298306182 59.4401318145197 1
22.497213760540767 82.03507999797034 3
45.38223281671272 61.10503115025985 0
47.15130338350464 18.77616573142804 0
95.07162624855498 71.7350467933687 2
52.72801280976586 94.61829446325056 2
48.198677136319866 93.73485687152055 0
24.368675997942457 39.713874397886094 3
10.176377089237864 33.55232859377377 2
0.6654047206168134 80.26456763734285 3
67.09614572234833 39.53828665822462 2
35.938695838651356 83.82278446040333 2
80.02126341828546 45.63153346200327 2
82.28786182261494 5.431798088893158 3
97.57049393666428 1.0456920113970036 3
50.609951338769065 7.446700077509494 1
29.64178357648247 42.317203032839345 0
41.63734713152283 23.436854744337744 1
10.981411905457039 29.246137627675306 3
86.23101301342135 11.959987672141203 2
35.525000819203235 14.645462685917277 0
81.24894294687091 80.84041636790637 3
7.610245306270091 86.88438854984344 2
21.77328341278918 49.66143022676571 0
50.08354782914236 48.637621812600194 0
63.25551468440387 83.86232073078541 1
17.42363343943306 76.53390070591327 3
73.42981931286226 54.91639886071926 3
35.671801409875904 97.13074822781118 3
39.50121795786015 98.18922889555888 1
40.33055764591339 89.47845770826561 2
33.338614290295574 24.930451080442108 1
11.092376393774007 25.962806099940504 3
15.738772019009495 85.4231156658234 3
5.456288364466189 61.653922884824865 2
16.56605780011179 14.35152777628359 2
33.220333006517436 7.6215070332553925 1
84.22363546992422 27.65956212909234 3
86.55777214165443 85.9340110919269 2
78.19610417205823 23.336366093313153 3
89.62501351030635 47.65154452457446 3
54.43040127263884 28.69204069648792 3
77.15075417178403 65.67768970377686 3
8.720278976168338 14.658872300981795 0
44.17259078143121 21.78261102024479 0
64.68576325841583 66.4484001854537 2
25.85264013478399 51.03232118382696 2
58.41243995486266 93.32938919939802 3
44.60409627653827 21.965844949662007 2
87.49602540606547 73.24486216431205 2
49.973484369218454 74.11332744437821 2
7.176321494498838 37.003697458091956 3
73.26857431641382 68.76259773978006 2
11.934848777779072 24.660636858801254 1
51.81376105979275 42.995931928772514 0
94.60803247763525 99.27696029751677 2
1.9795192650621685 80.92194247513255 0
37.29344102043283 83.93259521728763 0
46.820385820817634 18.704721520406352 2
55.86697172937862 13.600970958554203 3
58.587131968318296 32.04596099402642 2
72.19803250174834 5.30033577087684 2
99.43492976196946 83.89438061236629 3
92.0442612473414 55.876269142162585 1
59.797740550400604 9.857655842151768 2
38.44686038964527 86.74617361734246 0
40.79511403918728 98.11075925772896 0
14.561570832894866 61.82867515473185 1
81.13707866053029 50.15127907087997 1
80.84155655608708 29.30175383042053 0
98.86341126686379 59.014068112343686 0
64.93083446357247 11.213392661684718 0
90.70438539594196 34.47994813863451 3
99.0629013814244 7.21441111258877 1
69.64020412730754 78.60271218551176 0
73.82404164437169 49.651982683837744 3
80.44672307394143 11.960048254061316 2
70.55276423601536 69.50567373970321 0
25.542099335991907 84.22466767660464 1
86.97147004353602 83.01342787850864 1
23.841450105943586 57.82727448534176 2
64.31978255445523 57.75393952211455 2
34.482001160734384 32.428606925362146 2
2.909827792023578 59.32790276926943 3
64.18990213278857 44.501442478568954 1
89.91172525687743 40.124576209566975 2
33.982013453524914 65.21027482345816 3
13.377143774254385 45.76838961417258 1
55.72568412853447 8.861735851273755 2
1.1635945053733 30.68956112932193 0
39.604053755196254 35.11937605196418 0
63.0187802089918 14.618946692363588 0
73.67600035594415 65.97456519285191 3
76.84665802952037 89.86226363734922 1
13.229365726785769 18.40703395799498 3
52.498862928004186 3.3095039237506674 2
3.2052815923450773 14.687746759493525 1
37.43584533655496 89.93525767180817 3
88.94353395337401 71.2764767032131 3
49.878472400656534 92.62314225389255 0
75.7219873658678 41.51387368591666 1
40.29598151341618 49.928739213245876 1
69.67456963457406 2.0310084795685635 0
67.42476626982716 94.97672464101146 0
81.46907231777256 21.57168226810401 3
68.43584103540665 52.36480753188094 2
18.875093615930172 3.7825146743054483 0
32.307681064669616 25.508428933011594 2
11.353049804922977 89.64899125796202 0
70.51993004945827 74.68948530847565 3
69.06168820288566 52.0665124870346 1
12.06179268104066 78.13551038799376 2
5.222999143480589 90.82139599220874 0
97.57351755191598 82.5240588869106 1
1.6868699354689265 26.954998173677936 1
2.656760988260354 76.20651503308316 1
98.56826161721285 86.95132318884588 1
78.86779482190478 20.69067008149372 3
58.21763224270742 71.96819815152516 2
88.62090906267174 48.114948945128766 2
14.8786951166902 2.8027113977003415 1
90.14337269296693 42.18638921976382 1
29.218046817208176 63.466211367818005 0
47.68031661490709 50.653459408575344 3
42.71902202979947 91.20485377091256 2
30.66961549650451 50.11046998791164 2
9.95483088024457 47.44271656355987 3
22.76363857606435 51.65556913455269 2
52.58199856120929 27.177773678166883 2
64.27995799950868 22.146534374139236 3
18.428911279553695 58.56829446052022 0
95.3224776723672 26.681338094765273 0
46.83619769434221 88.22724821667104 1
36.559521320841235 12.681437024172537 0
70.1014178045343 94.34264871257578 0
60.365779760613194 95.05206384018778 2
10.160983638818355 56.23475736512711 3
96.01047886851221 16.00224400460779 1
37.43767247932166 10.80752075207705 1
45.838903392226484 52.0024745609617 3
19.243120220660813 74.05636194737718 1
53.391615840438654 13.694520212343164 2
44.25642258340214 78.69341124664713 1
37.8346077398201 40.17807919216706 1
2.453810945194257 81.30769626440515 1
42.5608491053525 82.1343073904249 1
90.30965916042068 60.26525645100635 1
36.04866178750191 6.9132413866279 1
99.89100545426875 9.382280487967343 3
80.66946073180755 9.198243459335876 0
76.79691107836723 74.27228876701848 0
32.42317670919614 65.18655064474396 0
3.6847988168371204 64.86069623848756 0
78.00086987377999 69.69847697447335 2
85.79206657666347 96.08073013941814 3
3.519327886725676 55.88599841255999 3
86.06245425679786 53.369886326945924 1
13.138811212786528 34.40974547503116 1
25.330790754775112 33.82401884795448 2
30.15563680294693 11.572870229639253 2
31.433510484717196 90.90052349717183 1
49.977522522979065 65.50835430246656 3
64.51232796156599 32.86913021504757 1
34.26114856099171 76.98941834516305 0
98.06672630695643 34.761724441497535 1
47.22620793429797 69.31249623150867 0
14.669050733369637 76.18117572365519 3
63.558189565165215 96.61073909736815 2
30.248414780139377 29.833897928710673 2
46.72582190866448 72.39427565532222 0
42.402002505386434 7.377552939754084 0
89.09171159449059 9.212555493063658 0
16.913901010359556 40.71592290969498 3
59.0829507426366 62.75136491421364 1
20.413280090265662 20.566529176807226 2
99.93828578508591 35.827273246480694 2
61.66885063717859 93.89682250687461 1
36.366538644910015 5.388450402990541 1
72.2683960765558 69.4857593888478 1
46.53590678282873 42.451002633081856 1
24.869914138527673 52.72281074631847 1
29.003947816860354 16.924182346245566 2
92.34922660618244 5.5124368506788475 0
28.744990808296713 92.30526194080937 3
48.596779594686325 76.01969381751064 2
64.60204566276484 4.142535168801342 0
97.33435694802426 64.70047668118075 0
7.208555089982283 36.94384560589111 2
68.36759882191816 52.74717795924283 3
61.19274796518629 24.459848431904362 2
31.34010613544447 66.76539834333191 0
29.54361942954149 31.78339788131821 1
85.645813004398 45.401123902857066 0
15.469939834422352 44.131853898947796 2
21.884954796575883 38.362466011445385 0
90.30777675802454 51.5304311755538 1
26.90617169019195 99.00461538347875 2
62.27311439846929 99.38306437138567 3
78.10624035730247 15.537489058783338 0
56.422023828424514 93.19690041953173 1
61.56662839483593 5.710896347520878 2
42.53866184832086 85.55396386315965 0
85.27912677506086 47.5559071832403 3
83.07870791718935 18.753472020769745 1
40.759899759311615 2.295977005469163 3
79.99644908976573 19.815349109643886 3
83.8208253116834 21.418753144791648 0
84.9925661108839 24.634305381007294 3
37.38701722157253 99.96105297326532 1
57.484774531220026 18.32962630645597 2
98.953879926898 51.224499145895386 3
14.03771133319398 71.89834574688565 1
51.278365737889246 85.68972114432654 0
32.242739984206125 7.486661546607398 1
28.92704865999125 61.78284970203518 3
34.674800977046395 72.82773627025948 3
61.01619503708402 48.82198653091409 0
5.971462930577898 60.302195143775606 2
59.02762828382253 40.279344605547465 0
32.75233179480357 49.30944824770576 3
94.47250263754825 39.49226134419905 2
43.633998899296145 61.1267220643977 0
47.78827419561449 69.4772302625067 1
14.109877208867093 14.286501091875559 2
59.7723462604278 89.59361749811696 1
59.80953563269067 9.706996071955643 2
84.45357294032611 23.76756646559083 2
7.347048687120472 63.37462135851724 2
74.04408157644656 70.44075040813462 0
87.40760007093222 26.58315085037325 3
63.36248936798764 72.87929579356766 1
27.92786792967512 3.506155613302564 3
25.3617226056128 45.04904729607661 1
33.576186353517556 62.732272484809116 1
82.9459387953207 14.511067573852731 2
17.705794794342587 88.17337872790127 2
14.602342642201139 10.414551997232868 3
83.32991663271827 24.243380116621495 3
69.573172077954 47.04283187591221 2
24.4528596487527 50.04545595142233 3
77.88940448122688 79.62396340423896 1
73.56469503602517 38.363956303891364 1
75.22094445295033 7.03581446110515 0
2.873808953407231 91.76947501311002 0
18.715282016295475 92.3932585846381 0
60.93497017346146 77.45014302281847 0
48.55566522148712 10.2243562298448 1
93.06922573461682 0.35801067358172123 3
54.00232960411021 32.743857990875036 1
33.5701138830242 54.83472903477011 3
5.9458974259352875 5.751698557336338 1
9.055867240873027 97.37435445878214 1
71.72607518607616 69.541271845844 1
26.859987404397646 8.059200840836722 1
39.90557808408084 78.72319064942731 0
79.60535116625397 97.25915580412547 3
89.23083652607997 8.897876147875971 3
48.09630952665711 75.38441485073835 3
24.709687135307956 98.68854694097055 2
94.5720147705257 39.83465784269189 0
67.83514166059632 23.903818949864863 1
45.4070730151649 1.0694128073982623 1
14.359277046594121 49.887171256721615 1
24.315914191045152 71.86689505165177 1
70.64314274838463 9.31356838946228 2
65.52307503195675 27.156742885435094 2
38.54200809058271 13.65114056887835 0
75.67068782856869 81.67734846865814 1
66.72991126297082 50.64210893912349 1
85.15107774594549 94.69734113205999 1
74.93333975866955 43.06701183525067 3
87.00723380973918 15.890680889047692 0
41.08701377589439 31.35743026534421 2
5.539610951890728 87.2914524267369 3
24.46664704693573 1.5470483135348156 2
40.239304665909245 60.54875051571942 0
15.918238598127644 0.3612664241851249 0
79.46149730551899 43.43483976288908 0
76.50692507367974 60.8236229190711 0
68.55262085290825 6.651545448976615 1
92.05795984079839 0.19683398507370775 2
0.26794878088943763 46.46754594494108 1
45.449317605617345 18.573122124966336 2
48.37765857546733 82.41887113856762 2
26.321935186652833 44.22641310212556 3
80.15707279027076 29.686789312704576 1
5.811505756971402 31.209240771133462 2
30.20278656987465 72.12207082065447 1
66.45639713524974 78.02586687001657 2
45.23189858282181 43.59683115378492 1
11.481080139742762 57.772453506601785 1
80.3266427700337 84.67571867061483 3
51.51283715188837 31.845658147784338 0
83.68793803946505 49.67280673423993 1
73.15778214534951 14.047716300584101 1
62.013941637969296 15.637927432840193 2
68.1538412804919 11.573646905155588 2
52.92385789730597 80.4087576877318 2
35.64629809349719 35.38697259015737 1
96.9027373797476 7.122471205235059 0
66.83921341004321 94.7508884828134 2
89.41249301094928 24.759215159673285 0
2.6451816277375806 88.71485024648742 3
44.58881507617613 96.44645989418123 0
13.002429269802818 27.620989243852733 3
15.758406006679081 77.71647983080793 1
76.43132319519977 89.35355480719619 0
82.53067734905903 51.48563598226308 0
3.5320528060019063 28.214579072804725 1
85.72178609489815 93.54568791092046 0
45.91764996598023 86.54781955502723 3
84.13988494030919 84.78628336765046 3
91.34917191378943 53.98238750047866 2
38.9021787219353 50.44459990473501 0
72.96251496036112 24.553388136909348 0
89.17299086307938 49.78126021918876 1
98.98397641698192 34.93826205086255 0
26.363437700701773 79.13835128008179 1
97.98184012498797 24.72142161665245 0
60.06065033346426 17.74413354899317 1
37.191880736849456 75.2984347287313 1
25.836946939322914 23.54975963424184 2
16.1417473340717 36.46640977972188 3
59.78323689073973 7.4211472057541865 1
11.864959752757498 44.00241120351157 0
88.29136710473283 74.04451786114964 3
49.3765604373468 74.01609833166762 1
9.441837735236437 67.73205575993907 2
68.40034186349516 53.87813425641765 2
97.78895646909481 63.0355615118477 1
8.125765009988362 42.72798002683571 3
70.79947871954974 35.48306462431236 3
45.972873750858746 96.56562360463259 0
67.79253016789421 78.7695615942592 3
49.15030603666849 73.24241926784131 0
83.2814746256416 2.369262856392862 0
42.35235657295108 85.51768395779548 2
4.667391646028274 99.67698817286585 0
96.5497381201081 85.96062751180466 1
54.16895751819737 68.31138671158648 1
19.94504420672595 6.835419668411424 2
10.156848572224442 40.69643749313347 1
48.76923362966736 2.317595230199576 1
38.26830922802241 90.34825713189332 3
32.601266561548705 59.35418016804114 1
39.42556953844245 94.46635699559788 2
43.69620831071729 0.06711360862338145 2
5.614320942374096 76.06849344878506 2
63.92345247967843 67.89584843192777 1
31.42042516723318 94.28022798800151 2
36.17814944919008 73.56523063750491 0
22.459161631122626 89.33153103871238 3
37.42870659809107 93.79533244364835 1
44.42287548267549 99.60731146336353 0
40.26766076542717 46.49195160896412 1
70.71122615252446 34.977385756225665 3
99.53741527844133 65.13163110783186 0
71.37103819340608 48.6289153479516 0
16.59790145204756 52.71874529162779 1
49.67092163857599 68.80976049577069 2
82.8774739862424 8.937607940807569 3
88.04280243963682 44.8952646507077 1
30.162602595854626 66.05933275482438 1
27.320696191056683 44.39458831871734 2
81.43926638710201 53.783648262057305 0
36.435118704444555 24.264432708014503 0
65.31917140306803 53.54434160897087 0
53.35579676403645 35.31863333406646 1
49.810590181014646 40.96444955569049 0
44.08289417059892 89.01716491252687 3
8.671671869424081 38.01533507065519 1
52.93274264212348 52.05807635075747 2
64.92345527780212 76.90867680203566 2
10.675313742219316 86.88792783439219 2
11.138298110847733 51.61190614130111 3
88.27917392070846 2.0796114050912085 2
41.36240684740831 47.69441765110103 2
42.90758736277047 56.10192361896894 3
76.60290212054439 80.02503714653056 1
52.615417673196994 52.208162090440645 1
19.5802844871698 29.5325954779431 3
54.97009598144649 88.27213046458432 0
89.67043698108208 96.26160644597628 2
88.54573830028305 14.30843109653993 2
0.1103083151485662 8.578129934978074 2
16.42068299218098 52.16363530913718 1
18.614378422809132 24.784602133639677 2
69.1586603206269 39.05343282311551 2
34.16770986597594 52.53427413692001 0
88.60484319463751 50.574166171725366 0
65.07405784753917 29.75819352939886 3
47.76389620305581 25.11053288929651 0
5.93317232745737 50.78189702893759 3
61.14709541858164 45.90975531334788 1
47.890174440306986 74.44000322404753 3
57.80731920856233 76.76185321192236 0
65.69368219750929 7.903332611044156 3
90.96917565604038 94.42825601035908 3
80.0999761529156 39.486458999096584 2
49.158939096130474 44.23780027467819 0
52.8142499420547 98.64104281394808 1
71.84147497515119 33.534266421357906 0
29.7256133288749 37.99700847384195 2
60.28808739878049 44.77807459661444 2
25.597298771241373 29.920011981519167 2
21.17031297858031 38.8613363095891 3
70.76788235242486 48.72650792309594 3
81.65986614142821 94.75879654611919 3
37.81071760617609 80.46124547804845 3
42.509371667707065 3.8711703730028413 0
25.30042924057485 94.52014126483593 3
23.101258552497207 28.28272606023372 1
69.7614399651173 81.46383240430805 2
6.0678574997504615 65.01618176142303 2
45.64214109397848 94.2141392858014 3
67.95238723368008 34.757822749623244 2
23.043841658918364 81.32928115150881 1
24.507303251392777 56.96289115433393 2
10.602521879062065 96.9079281686914 0
42.97873341352536 90.23723720087312 1
64.90478634624361 91.76834697634638 1
72.1305527126689 16.048639511370222 0
16.829990555066022 24.889060945681084 3
35.97586870014252 83.4956453996276 3
7.014725472597139 25.84167028854424 0
0.37123987031902894 43.02455406895156 3
21.64217307161306 32.8508289502747 0
5.8587233527991 95.43993837055518 3
48.18027040947604 88.81864714171897 0
36.22518017079882 38.93880356836609 3
20.767454841017052 76.38765930462725 1
58.749193378027385 44.08255559264636 3
99.42050468911904 7.814025282142378 1
37.542272380519 67.3492794535324 2
22.06888422220269 10.120013690983509 2
48.432106313421095 20.723175018422346 2
26.491588191000083 39.23867018693791 2
13.903840539494983 79.84140724921083 1
43.24522801265523 16.652883837245223 2
50.928212859715615 71.39736458580089 3
19.497470023350893 30.611224140816528 2
39.89563869985234 86.47717072827022 3
31.574819130690525 30.05610175876171 1
84.33703561085353 93.7050018646065 3
41.6738712333976 90.39183839558771 1
23.51086120321679 48.961432908918866 2
3.7134565196101144 98.13960479652141 0
71.22802626122865 71.58324084621638 0
53.98183419982395 31.571344754801345 0
91.95588680462882 19.847955110612546 2
41.5164189093132 40.55567076084164 2
13.209223239582657 97.4361991106536 2
5.050544121965183 24.260064604143306 0
28.578274246732427 57.27795718126002 1
59.26456592451327 52.18042376196015 3
3.554433124735512 46.09105172734178 1
97.2400861629254 34.77515450831383 1
75.45064663174983 27.5417709122725 1
18.568289987206533 85.3501388779822 3
67.98267310761386 61.13558529229576 2
94.54364077137689 79.2055323468027 2
90.91063400750289 74.11898512486734 2
1.1058558082234549 18.72275987187324 2
44.1218043088822 72.44376344508906 2
17.93201091006026 7.331649286266739 1
94.26077818582895 86.9561909758817 2
68.62648715087786 32.73640891484304 3
81.20715083454954 10.616988560739927 2
15.234877645623124 65.79579732385952 0
27.686923406962872 25.094699864346882 0
42.83440363815222 10.432580981020589 0
0.8346134045581044 72.9810993874856 1
28.310626538102856 91.74060886779854 0
86.68160657057206 30.72184567700107 3
97.36475835220917 15.076965249793906 1
18.29224892339131 9.604901856187919 0
24.237633042260896 97.12660431545038 1
9.900193846739446 37.56295793784812 0
66.80766468585665 24.841360719254112 2
27.98114296282921 99.71599452400784 3
74.03457015558885 34.398578495893275 0
70.37047316956688 10.815368130276436 2
66.42855696964108 92.84743484770502 1
48.25180650366478 99.13186604630972 3
24.609313243162422 46.1342161393066 2
89.3761195922418 80.93917602798383 0
66.11788632357803 93.88338970831136 2
96.55096384443993 51.29254666435262 1
41.179160688885055 5.94206204877934 3
14.648096588050963 7.8852358116509365 0
50.80479644257442 2.2040553598688617 0
49.8600878329848 22.607777776611403 0
45.27692602403726 22.344084402241183 3
86.69246256892285 91.96655072727083 3
80.76508083669489 42.3868113817785 2
27.697550851721665 92.8169198830529 3
44.22290506758267 94.59906345577357 0
16.744703660210458 69.19515537965495 2
57.66631491224155 47.108796555319266 1
34.985604372973114 79.49533656581195 1
83.81227755226409 52.04922624495308 3
76.54611726452568 98.65996880314005 0
37.609675478916394 92.68013145635439 2
45.28094285527538 71.97934755830504 2
81.74568473245353 87.49174161594692 0
78.6405982704947 16.480848475155074 3
0.6305395348822795 70.59049419878059 2
58.25475281547613 89.7565004073981 2
93.62459391611011 53.8944593238174 1
54.110025417031125 56.77491865300565 2
1.1846604906667224 68.52610819284867 2
99.6118386235392 6.457959917895451 1
42.38713763708114 61.34526786810063 0
28.249705686379766 2.344127610719493 0
52.81203337220216 59.747942702203424 1
53.82495836632294 85.78905000969743 1
80.12485294355697 8.160716867006867 1
85.79790912027451 85.6303600198907 1
47.21096025549373 0.20531686469773547 0
92.18046219722203 32.90667168877941 0
43.09495083785426 65.81840502569761 3
86.59880005067365 79.86313809985344 3
43.87900001842519 28.69967073546991 0
77.9851933487548 56.6281256453549 0
59.808470514997545 49.72389987951657 1
44.507672855597136 64.69989035618133 1
71.11083810552617 42.25095980599131 2
27.495050676411626 78.28631483389935 0
46.21055021973242 36.41677279993238 1
58.79630925431301 84.10370811633307 3
52.93275428055062 5.590466790945115 3
4.085778920326144 75.19727292149388 1
55.072323657356016 82.19882116550056 0
34.7069461996736 9.768530651786644 3
92.59689273862625 65.92581535866202 2
26.691128084820072 32.13367011383678 1
38.244685052004925 70.34980212189156 3
89.20651273693505 14.042377037819575 3
6.813790483496085 94.70430691410098 2
81.41319735818841 57.471163461965936 3
65.11540199563757 2.096094378307345 3
54.557868882700845 10.65138942662921 3
27.500592053590267 15.537453109354315 1
19.46798021461118 82.29926743394323 2
95.559691526436 58.55850672885153 2
23.17515049549521 96.5463638351007 3
28.18448873449002 33.810708524479026 1
80.17353584526099 21.867046407463896 0
83.22340082573878 98.05341216847384 3
30.016707898696147 17.461235922040817 2
7.021601987521997 43.97437127474849 0
50.745040810552055 33.27053055421387 1
52.31427442354385 94.77178814251887 0
68.93421714014421 2.918796404380719 3
22.67882979637995 27.875296511610014 0
61.57447327954581 45.075172854392754 0
65.3749367064627 55.74677038896007 1
85.49693446159971 2.2886681204738246 3
15.724002564605243 78.2766305398213 3
42.52509399071522 67.333998862673 0
37.378233951951856 25.240557405221132 0
55.906342642282134 94.34418076089756 3
82.27603118551015 91.39061089010633 1
89.13460193753234 63.319502040355815 3
55.41175514627367 62.039594586534285 0
21.16996554426982 33.46612808507293 0
63.61464062378889 8.090814987247963 1
25.898457092898187 92.54456049261044 0
36.267196009767666 14.633368342409824 1
64.56579175513338 15.131488879864863 2
6.8477726814248685 30.94699776570229 0
28.85536009684656 89.89403621067942 3
73.82107428319958 43.46076611682243 3
5.934525210727348 0.5164412804979146 0
0.7482758732317074 96.8381195292671 2
74.78942398386327 32.35834948046117 3
78.69313866911278 76.62768451171246 3
34.73347510435666 44.997221971234424 0
91.78741449837341 58.60740019452566 2
6.81109102461761 10.738649507389708 3
4.052264088980284 51.52156474861225 1
48.51930533712451 49.522641817346425 1
10.766942909186039 1.7021164408452694 3
76.32058217783825 71.2892612329317 3
41.97356393306563 20.916684735298887 0
63.88035904878 19.86479978181358 3
15.879139463366132 85.95392927767992 0
15.629775844745119 30.780967835627138 3
63.17971738115872 4.031411874916713 2
65.43871326835249 96.3120152879146 0
72.80767245398268 20.141846207255508 0
81.9714751882399 51.05209040264229 3
66.04614985843885 24.73324995428412 2
64.79720163667558 93.33916797128394 3
33.89378691644942 1.4907947076772232 2
29.410481336328797 43.34883626824892 2
4.765655264172541 10.134148344972715 2
81.55855595210895 6.759291072800133 2
26.763789144470806 56.14262369118641 2
67.96951706915505 77.80672690944208 2
41.43429942553306 29.674895409849945 3
35.070235371516425 93.38162477384148 2
26.65856644082173 28.41839774670558 0
71.8101848195952 35.89635617409335 1
48.78595941264091 70.74502783764088 1
33.55483643102314 17.92195473176148 1
98.41963852151203 58.13651184774661 0
39.28264349487757 81.40202314672189 1
50.729276103526985 72.26945373041733 1
59.215105243403556 6.109925788822412 3
56.81541412177411 35.75449349590987 0
72.04969175129816 83.46825422028 2
97.97006644200837 36.67870336814777 2
24.799119375602906 79.65462431595982 1
97.08340657746898 54.455861294723995 2
51.59106906754797 27.807275557364118 1
82.82386441555246 6.474992720153605 1
89.83512397051645 85.03780539384384 3
5.325865244419015 68.16508268153336 2
65.51924754609577 62.09736690254838 3
24.111932718040375 18.569399467771643 1
3.246382797276537 97.85961337790634 3
19.0881907270642 38.968646785993776 1
37.54519028400419 30.686183680823742 2
68.27273315575275 42.33035226270847 3
99.10758757367448 11.096826447243291 3
94.2446338913743 91.64072190550077 3
53.524072190188136 47.540807981763535 1
90.93293072980408 54.951788314579034 0
28.63155790178079 80.54117598802632 1
35.24709498495585 28.392821411590308 3
49.0537880995553 33.52629626476297 0
72.95132504275763 85.12719567261341 0
8.254294635984493 98.66418233340333 0
35.068113341712106 53.519807381261295 1
9.00317257142207 75.6828452468816 0
74.90219108939343 5.578326024222746 3
55.58206833838588 82.22847036391953 0
36.43686928462706 74.21812660420186 1
1.0996387287665499 46.0940314891013 0
52.482618405788074 70.82595310880015 2
35.55676348033813 37.06423020586585 2
73.98651900492263 97.49349966919351 1
15.494203469966894 66.74740157630914 2
7.567914349614869 33.664416912570694 1
41.731771223333546 73.90310270766224 2
46.03511643034031 50.26743097496149 0
19.022548927144612 28.365650516345596 1
6.8439700751328765 57.867729294888214 2
38.906917412698924 12.535716355120885 1
70.88067113567091 87.0971542551612 0
20.642333090018194 7.755574297861012 3
35.563158960719946 29.992839983509857 1
24.904040404139817 97.40904481597984 2
61.247601184732645 50.69164645018333 3
42.595179283297256 45.7313710078997 2
92.13238822917094 9.47228432126509 3
35.106405831598444 49.72920883493407 2
54.94579471443046 9.824309017275489 2
80.94376137123332 9.466214867554413 1
27.068040414772952 82.47480833874916 1
89.28411699613542 46.50162852776637 2
65.19755416677116 90.70648807586903 2
17.147265146819844 38.13861622387723 1
28.551247982795005 97.81655462396257 3
61.29809446704476 27.818002674385735 1
54.73681292296161 15.11602653234605 1
1.972934712659502 97.52734919194135 2
52.585126122586146 44.42155362960772 0
80.0608087566619 83.32495293802158 2
82.05954594590003 76.35699734717757 1
86.45286492671381 31.246975492614048 2
0.7333274894869457 18.242530486229835 2
55.896610577339466 80.20752036013621 2
27.51677146554118 92.81675539532688 0
5.663175073671312 22.785712627785458 1
44.08341338602697 53.96625588265137 3
50.64822588335057 31.171233059154623 2
2.7241975586848377 97.16629514014397 0
48.4875992883714 60.191670014441065 1
82.38206752237896 67.26889580036698 2
92.58141873903675 50.441463770897634 3
72.08028433919628 43.23774209253526 3
1.522365571548523 67.70349892509645 0
14.123149985889327 6.19638659251065 0
52.57544360528947 11.371826654533857 0
93.01879140275004 49.971551901424704 3
18.35824612821273 25.295080516569325 2
13.244807949573511 55.78211652001788 1
28.676827047787366 26.575663925577487 1
70.41103016802587 46.454440129525196 2
92.53403385932434 37.03321395331801 3
92.45794458383028 15.354777922739727 3
3.430075217558959 96.89646306799138 3
5.553961635889049 62.26064102588261 1
73.75937202920176 77.1994994960095 3
30.517367891615265 97.68086872931967 2
4.156576437927095 41.52699283825141 3
66.93468260213663 32.064296436954756 0
61.81887340994876 57.252139633597146 0
26.02486087974951 71.91921958118725 3
91.95556847779957 72.84421808679988 3
30.08490693216973 73.72424368416792 3
51.71256544310903 93.0097865433864 2
43.60980707171211 33.060183169747845 3
95.72995013543287 97.90544132077721 3
55.33504059972011 4.986112428900835 1
90.5905682873227 16.494994952948026 3
85.00067910628418 17.794730903213896 1
7.0320135907412595 81.74008137213602 0
16.56186171557391 19.156182803594824 2
48.14073041162806 11.05289179999106 0
35.298791745191046 3.4220595157700706 2
32.69928296092657 8.008936334483696 0
54.14415523908641 57.624906277504465 0
66.12273579935895 69.51127786027493 1
91.99405801032994 35.185809183125905 2
46.123359910647224 26.265932696936744 2
0.9064734904948746 85.7701018103997 3
36.67220203472979 45.58931098788458 3
37.119941371971066 83.53657530900905 0
91.93047443082772 70.12930083370476 3
66.43431564842078 47.40821930045569 3
77.50996380919061 98.9131898116838 2
37.748335539225465 6.532447777808459 3
70.91003754074234 23.15733359929587 2
38.16702098286425 75.12220397817757 1
77.58968254624229 7.234121544496286 0
56.801614142921366 64.08155016479941 1
7.104767312429172 23.54515087636061 0
35.12764837005664 99.50859321051666 1
79.5454384450646 42.14394419357868 3
94.40661270477696 64.51570681732731 1
88.91346405987073 81.07604165311002 1
67.0125445223584 41.00750133200917 0
60.611577772911296 15.198452296256814 1
54.13830496480816 50.38642783718351 3
28.81115086083047 75.83524813354494 2
64.92691964547372 22.130463177225547 1
61.82913797713386 51.05362988702213 3
8.838234453822603 32.155046404340524 1
14.818640128169891 94.88661761080512 1
95.365877858707 71.31168097831682 2
23.715794049599236 85.59004822101757 3
3.4686690013506882 93.0008205411532 1
9.314930189952264 17.316199202088722 1
86.95318203649823 16.169049898324772 1
27.113673587540653 21.84043242158903 0
67.27499271003848 39.596869839419256 3
57.60814689589936 68.95710347404969 0
87.64090569700998 14.699586781689112 0
7.814852455465127 13.189574408759741 1
13.96633993147509 21.991909850351867 2
83.6408492994434 39.79328411708951 1
49.209719737225456 46.12467423067294 3
90.99600976690952 11.281189145991355 1
82.61429606692433 14.044905122672624 2
40.82279952489709 80.68797617941918 3
88.92112391800137 39.42482743545608 0
88.5906765640975 21.728611987151915 0
24.210402309904122 96.59033793359609 1
87.00818849521384 14.935865656988568 2
40.28667737128065 40.24423980135078 2
55.83289713818318 50.39822622282835 3
55.690871487966675 85.07202465760673 3
95.82979810126704 66.5807982227621 0
83.15467229019376 15.552142892149279 2
85.69995638947499 59.2272270069564 0
18.267106917945796 35.49160019631511 3
71.7239737679463 59.39238263657525 3
18.800240176849094 60.754893656682185 1
20.090845183104232 58.18855725982181 1
94.23437319814711 44.90549996269121 2
53.101494066458024 4.073071052215582 1
39.80162111348794 88.1850010553855 2
63.42459044212953 71.98489172874363 3
6.538252260419341 98.34591904662098 1
25.896483872680342 98.6975810113176 0
86.27489165399852 4.059952884321316 2
99.44710395347316 38.619168627588905 3
24.267120829864485 17.663668459718973 0
44.847304931166875 42.457309242500486 1
74.41040305088205 35.003868560708206 0
78.93660125545401 49.77199874058975 0
22.935050200439523 75.48824893629602 3
50.95142579811991 86.06460966296751 2
11.666112162636445 14.072852271632685 1
40.140590412689804 50.15466546228951 1
62.721623624947895 80.91043438228299 1
84.97789236563851 50.0949143967913 2
56.131539041232784 65.80585052264145 2
24.72612844854426 52.90756725758946 2
78.33920719170901 76.08888398852156 3
59.82050958934894 73.04745914883736 3
31.961175790334238 86.32023298910522 1
61.33228564749099 45.00374106504101 1
62.907105055066424 80.7342294263472 3
57.43095461204773 17.23408242100456 1
82.74739061355126 9.810947138933646 1
78.87297837972395 11.498063348200471 1
61.83040396748155 80.73246061893367 3
54.25312072209816 75.23018216819698 3
68.43833931335924 93.43656963062003 2
49.90131340562465 19.15777802073908 1
42.890032265489175 5.356992201842925 3
85.42941138586423 39.566506695237166 3
25.851438072674092 74.33514276571137 1
40.84538531600547 53.71262073549015 0
21.434712173915226 74.37455652493078 2
87.27913990188716 54.937835691154454 2
94.16337649474615 70.02860168386107 1
74.15908770315255 2.861399009123744 0
47.96413555085047 24.57748507771741 3
58.885822493791764 98.70029032698059 1
68.91541357547892 40.08262645390808 0
6.7772966617096975 35.122739998362405 1
11.248282072327608 91.11071457892552 2
91.27279279428438 32.30361682422258 1
95.92203474075227 92.41713159882227 1
38.83867419120761 27.74405946705413 2
86.60769721015059 9.660174720857285 1
31.810923450526708 70.6775780518606 3
85.40165983994855 75.6258767585779 2
21.877719271505526 54.714235492425864 0
57.67499648770258 77.49670323329379 0
43.296754190716044 28.810375638496332 3
60.358955007446234 99.89923375280824 1
77.16653497409884 35.77210441037312 3
31.411908594335316 98.9371528129492 1
87.60601306852288 66.49457142577798 2
34.61118404102728 17.06965515035268 1
11.076551837833348 44.97235121360311 1
21.65400525007657 87.00531035601794 2
52.20708830179868 11.55279348411764 3
88.14762683779135 74.62982425320924 1
46.19572600809543 74.29904339700707 0
0.029715313360723083 61.74462041153084 0
95.12629580056044 11.24866880456935 0
83.83488454046517 45.49306711514591 3
85.70511690665401 63.28476517919997 0
17.034689913241664 89.53761789313423 1
68.63611818431265 73.10960812688094 3
48.942288663477726 87.12940171925094 2
93.93004082027086 75.89823925650106 3
42.99142472547803 14.95156671397564 0
35.429771001628026 38.65637836212213 1
77.26280863057391 39.718776835221966 3
56.44712214109251 43.52925243176395 3
64.14970075880927 34.382522166764154 1
85.79395473172376 34.286464132128216 3
13.588882348588704 7.187535698417625 1
