2048 3
8.163330765047105 9.383301393186365 0
2.7838353944652363 5.588674863551464 2
5.954498107178773 4.569271391503694 1
1.6228130561903298 7.6511361615393305 1
5.817193836331256 8.582811462971453 2
1.9909834728800901 2.065494078644925 2
5.021684782777659 5.1942033358489414 1
4.482259418865915 2.6179983442872636 2
9.595664008129463 4.050591748205149 1
5.139626452488191 5.9332669334093 2
7.195449212629203 9.37863729377914 1
4.249163397593755 3.2855862521464507 1
7.355896155248307 0.12963603141104674 2
6.845313922441379 3.488116579191638 1
3.8024591091181836 8.622229629841238 0
2.222970538344181 7.91558789992333 0
7.124899331414455 2.5005716234946007 1
9.952387570249986 4.597517734161772 0
4.069569974127479 4.945976959389034 2
0.0977390772713127 1.524235259555603 2
9.586882082527385 3.761218172197105 2
6.075067535362635 3.3866689621000567 0
3.3916496448534064 2.9703485359428585 2
5.811737029370148 8.630687185625215 1
9.450156282218542 2.2277329427655057 1
5.192972061200095 1.0323059373992116 2
2.1662466476682827 9.46707112481778 2
0.890894090483646 4.5804850300425635 0
7.401293897927599 6.87100529508804 2
2.4445170432732377 5.944641294369103 2
7.036098580681117 7.099993913310078 1
3.1210883860490224 4.739163380790919 0
2.987806540745297 6.541390812744155 2
3.9579636576161614 1.9099517920300912 1
7.261643573634996 7.136584986948604 0
5.411749865930453 2.9655171833427305 0
8.470655438511905 7.969052090857246 0
9.493594148754257 0.7239622971048043 2
7.926361696693976 9.188716907170832 2
5.017685095975722 0.22549823842098582 0
9.472268451177994 8.39768893251479 1
4.50924910240322 6.788110358207549 0
8.659795029804556 2.556461801407439 1
3.9544993643488056 6.767018955243655 1
2.5398158454615416 8.877798583196622 0
5.923750861524678 8.760802983799406 2
1.1349405568010085 9.001525140820455 0
8.898194058547265 7.7042583859176785 2
6.3685895322507715 9.454156743997245 0
1.4572053357603743 9.294550015659812 2
4.045710604643422 9.667010509430577 1
5.260784258794823 2.5634677638317473 2
6.801260656227287 8.737811969206353 0
7.995366516918715 2.5634376009016604 0
2.2826194246725384 8.638011179946224 1
0.7978320429279107 1.2654182856986074 1
3.9824930576387265 2.908049584064878 1
7.68592848597882 8.866361319727861 1
1.1616621465412158 0.3503928914525556 0
2.1197470659841757 2.246665465358668 1
9.650575203702628 9.493408030315516 2
6.412990308329148 6.391299778703349 2
1.408310444491645 4.147641913137056 2
9.649601592441172 2.316700148150873 1
2.2116069270783765 6.31025051551963 1
6.145304056514268 1.7286707813577873 0
7.371648239878919 8.781403884541955 1
3.202524461595279 3.36714297262911 2
8.45372854884429 8.148507500976585 0
8.863836033608807 2.018363193693211 2
8.538017292507009 3.6611652354094226 0
8.102031606139914 5.109770088222664 1
9.710500363401184 1.967733992188917 1
7.200217783659728 3.9006044835307954 1
5.574590363039482 4.775457416203329 1
1.2706328357785124 5.489956991847212 0
9.107610865711717 7.9204294726118825 1
3.0629165966344796 1.3769702753121238 0
6.302762005707656 7.3868291999790685 0
1.443438818751449 7.658931816712005 2
7.577396296958181 4.001786911300638 0
8.554427029926012 2.9955941136623543 1
3.30135449056151 5.53048206680859 0
1.4967799291013462 2.4735281798787923 1
1.3046495968283223 4.746016043056879 0
9.521007920326367 9.2938913170952 1
5.824157127993059 6.344906033464145 0
4.850622515784975 2.2292029389141046 1
1.6065250589233981 1.8340868062289262 1
3.9060194244672286 4.395438753607347 0
0.9689288221760606 1.447524366367 2
9.56103103137545 9.298778730738617 0
4.40896429540688 7.414681252190849 0
7.948376912145171 5.39858536023911 2
4.340772717638729 1.4177517926035732 1
8.217633073542718 3.1721672465254502 1
0.08261201601461599 2.0606868613235294 1
9.592705606163394 6.7492867633250295 1
4.176246928176214 6.5329189069735705 0
7.152423231307571 7.151011261266536 0
5.747578997507512 6.393572671888448 2
4.7811301446827414 5.149513147200892 0
4.725034425875807 8.54986622513559 2
5.799060634236012 6.352896168111513 1
6.874813062358369 8.737606562932866 2
3.0630861879732896 0.5287572792068607 1
2.104647311952964 1.8270799951718963 2
5.4047527646943525 0.9853906529146117 2
5.535369477410391 0.43716929592440446 0
1.4976611795634454 6.490526042959889 0
6.202648442388975 4.742175432096637 0
4.779488248308431 1.2898827690138415 0
2.9346341343431206 8.393650632407027 2
3.6306142952103593 4.681843295274079 2
7.629212381592425 0.5875752409618884 1
1.2545495566815112 8.861883761578364 1
6.124423539910353 1.2162222590667493 1
6.4541915514409816 2.8175534843754213 2
2.792924358671982 8.169393709691173 1
2.131302052995011 4.16881359684938 1
8.354680363860483 1.314346988688292 0
1.4699617489663752 1.187550698467229 2
8.312201612683877 1.0153327503603538 2
0.7721937103711285 2.0765058046471587 1
4.384939144614752 7.365973046641554 1
0.3321688523394273 8.592728967479172 1
1.2386980611893372 9.281206141933442 1
4.579308561157914 6.290869781525018 0
6.3679435551026 6.879621795333963 0
4.203839441169775 9.968502447820768 2
5.686846445030551 2.4781071209771834 1
5.953595233009361 8.97218451260257 1
7.910394002493472 8.617134236641418 0
2.144686751949121 3.377827542051702 2
7.107348856008649 4.940111574591061 0
4.483771838304206 1.4423613090464027 2
9.318218994840619 9.922694277376861 1
5.089264900226857 1.5843147876582397 1
9.431066580521229 1.54608925703003 0
3.392369660719625 2.4946436764190247 0
9.520330029938162 8.191375099429667 2
9.527098889536594 3.810730029830628 0
3.0196755205446335 9.071754770987198 1
9.399057868375811 5.270718481759712 0
4.187266016742653 3.9450535621108287 0
1.3397100176269061 7.94680475620329 1
7.264056985836284 9.496932303507737 0
4.655723144509061 5.550627880767664 1
0.48815063966281547 6.694212320145718 1
4.46683686325823 2.7206551168052084 2
9.506382066937762 9.560252251133862 2
0.3144960850251377 8.679422072209281 2
9.251802143726941 4.941631524040267 0
8.456135936563573 5.72660176548251 1
1.3010178775064618 0.48090632777146314 2
1.6381343253561342 4.32231708710728 0
2.484125489122917 1.4271239854127182 1
6.247273053678018 5.815615612433108 1
1.8965517077484717 6.690708236245197 0
2.831318912719828 1.7875028391085157 1
7.853188734159548 3.7238509385393748 1
7.891770286097137 5.7720358656767266 0
4.385957873758816 6.442070719987367 1
7.756479183411863 3.935663299009021 1
5.733579088875082 2.703535468119921 0
6.295090370217884 6.2408317451021595 1
2.3692645651316955 7.471176998921897 1
5.0973250199513 7.550685682419269 1
9.594455812241755 3.658972644206343 2
6.28231226744779 2.479807166254803 2
9.462498385054491 9.40802469904779 1
5.725931787882575 0.20867918473692515 2
8.743609350129013 6.384369734894313 0
8.54980274855336 1.9327998893109744 2
3.6896244312956448 5.483479161871912 2
7.700517720346433 5.959663543637021 2
5.7433841214213475 3.41246911626098 0
3.2346381679376126 7.162167054288991 0
3.9036104161905905 7.970190557894913 0
8.318119482897398 7.2362605635502355 1
0.5280740336226952 2.173703772234692 0
6.05574181455775 7.742662330355422 2
8.134237415273663 8.623392430066978 1
1.1177350447832501 2.5534411433588264 0
9.262200764412821 3.593785522649493 1
2.2219649214391666 5.129670861633331 1
8.54063499467657 7.116112766677089 1
2.805083936420111 5.507189057762538 2
6.182795539841091 2.995095338299052 1
3.4567483168318294 1.4683145982321677 2
3.98540340177862 8.546572393009777 2
4.420005291148469 4.22040618566513 1
3.452453893476667 7.492439781717543 1
3.3025541636315436 7.79711392611196 2
2.8384949043088428 8.761209901128638 2
6.036698593906182 6.843203012946906 1
1.5973917519749825 9.838586131859753 2
1.6750454867823028 1.034379423389693 1
0.8115636751338529 9.491542037980468 2
8.340603854967158 4.804977051576938 2
9.247348227186693 3.2667846830109806 2
8.512606145286156 6.280810593571932 2
7.840236210341872 8.056542694087149 1
1.3706322469261079 1.266840578322762 2
5.467473243797176 9.828294948949829 0
5.986311286056126 5.840128627927341 1
0.4983096815628263 4.7772737276251 2
2.0002998623236334 3.7294863392690436 1
0.6900501365626377 8.459329948856038 2
5.6843164111143825 7.376956572120239 0
0.7489281421236682 6.2828283591217104 2
9.73023469803586 2.564360171464367 0
6.08099405850248 7.3183208350460145 0
1.0838830421229828 0.10739562117985213 1
8.319906339074818 0.3133103867751663 1
2.5719328592449067 4.835702141670424 1
8.037088325536196 0.7539711696748663 1
6.46759568027818 7.626895154965268 0
6.393207655794786 0.35389281385481475 2
0.036162103969323844 0.9306018336138144 0
0.9117990297222456 2.5713883208011934 0
3.51456678969205 5.422317898950815 2
5.189813273118185 3.1291768551612575 0
3.2035389832983787 7.952742087217144 0
1.0692573088379609 7.580802369240162 1
0.5343425272006053 7.62322892797839 2
6.470181785540936 2.2618867746159124 2
5.578591228511144 2.306739813550763 1
1.1942565806103111 8.58336021586315 0
6.252905797706153 3.195662363789001 2
7.527043220673807 2.7558712254800524 2
7.409892308237277 4.1861759394095195 1
5.836555089097918 5.909701703266258 0
5.8286353499835055 2.001826965864283 1
4.534144713198966 7.908086256248855 1
1.5993319552673357 1.8468630556283772 0
6.926072338074522 1.731973501877614 1
6.257923444618561 7.321099338286529 2
1.2206635652592834 6.089847073213538 2
9.582601276876774 7.091664908527218 1
7.383541800008128 4.726515358216123 1
7.965127430826374 4.784940400839483 0
1.3219550366586474 7.53499654513882 0
6.10285967932972 5.508505967075335 0
3.7872622317710847 8.156346336175336 2
2.9945809361591746 2.9777748767498546 2
1.3103818338341355 9.32632726730723 1
7.319193381898824 2.1709029618711084 2
6.897182746805512 0.47465021564260357 1
9.215382997868522 9.189294490740643 0
8.183873780369021 9.118067048534327 0
7.465763781964011 8.003220581197695 1
0.9463411019831403 6.558236759209054 0
8.947393073928062 7.77860802874542 0
7.422014735481173 1.7011977470553885 2
7.165082824174174 5.941550521406369 2
8.502170389487414 6.9865221047228685 1
5.623472957977283 6.543371780085052 1
2.5775350539799313 2.4147836635592834 2
3.3768134870787083 9.244853337105315 2
0.8685708747018528 5.7491966057470805 0
3.2065806387230356 7.769543452459391 0
5.279794270191758 9.7899156809885 1
5.945819213036416 6.318666918488218 0
2.4459407831889566 6.13236143851023 0
9.18673565106068 4.020243608484055 2
0.7314360880628556 6.7544419937585864 1
9.651742912813377 6.994476536112069 0
3.0727643177177533 7.8656598519394905 2
0.6491895522760971 7.374344535164119 0
2.006284266735215 3.9318296106650044 1
0.08314697988245245 2.990184718013442 1
8.574615444709764 9.752814350582609 2
8.413794470266332 3.5979369596955846 1
8.330425908197665 5.180523627756285 2
4.431978446327079 4.776234886394102 2
7.38204601758759 6.7104636016148165 0
8.570877319948854 8.660409911156004 1
3.899506298794022 0.7423681308682373 1
5.420915327603954 4.75705428123026 1
5.516141432061518 1.9682552586915147 0
7.386937892073629 6.339361935563078 2
5.793565665341137 8.973485360088187 1
8.616810969176452 6.079021576477562 2
7.03945635065279 7.4589399521202004 0
0.6096436058434951 7.656678617170318 0
1.731480591629918 8.179628591145555 0
3.8306688599427186 6.911495394494365 2
1.858316624806483 9.719260177863543 0
6.047592171237658 8.412697005345139 0
5.048947755000247 6.844035286580539 0
9.931701211990426 7.288697106380284 1
8.813609167877376 1.2166304672647954 2
6.519094790604346 5.864249040935939 1
4.879670239171666 3.355416229375309 0
5.644082102936765 8.923254489549127 1
1.6199312425179724 0.8099624792745719 0
9.629149170704709 1.8168343236435336 1
6.50163497408275 5.880643192607621 1
4.692806320891814 4.186265528001352 1
8.408757611540542 9.731679325396023 2
6.764701261691711 9.034243643833156 2
9.93878910737088 5.031154809794279 2
7.232939700241876 1.1453278380156673 2
1.6352883238243898 8.217368020502565 1
9.20212328703654 8.032287643307855 0
2.390795861439571 1.004201530611769 0
1.4053368187011517 7.876660402186748 1
3.0146727976974197 5.5571055360336965 1
7.634687153793055 2.205102872221029 1
7.2539961554402 0.9330358286041007 1
4.282710620886725 8.537521117793236 0
8.071365631508025 0.5431826395193029 2
9.703749194823217 6.85085584230428 1
2.7343289622475853 9.353849484398054 0
1.0352831646141292 8.748458569792177 0
1.0694617097877723 7.3044536581180575 1
7.362584060314238 8.927382985997463 1
3.257564832623906 4.035258085758565 1
7.883437102044905 7.345070607595165 1
2.3449750364347564 7.5527506879707484 0
6.167973224234173 6.887163245895388 2
2.7142340886000706 6.872446875264028 0
4.527278461500307 4.957418090665955 1
6.646250696499654 1.0702997804712355 1
7.912916430220759 0.8092049407009716 2
2.2571645679709085 2.9360632271738574 0
4.805080958780477 4.213284859154091 0
3.33480110970413 8.794616132108308 0
0.8127536164690852 5.448603285196852 2
6.461257912876892 0.39738491036870993 2
6.701494290627011 0.21398499374638114 2
0.9437091360363448 7.40427816731127 2
2.4233510480166953 6.751941453823218 0
0.32603821986129433 2.1957579790706805 1
1.1999759285741107 6.2570741389869085 0
8.006717922025175 6.565103256408694 1
4.860989962629385 1.8302522309687652 1
9.759305240698492 5.271525269991151 0
5.8939906354398826 5.194081104377525 2
9.039563430983598 5.7024214301491005 2
4.738785678287427 7.389753833580866 2
3.462883658957482 7.751229429941853 0
6.610695135855915 4.478665689883762 0
6.296528537583894 0.6006869478822008 1
3.2337557310583884 7.473105437458003 1
8.716464506722916 5.714531750444632 2
8.050933736781719 9.618125144021509 0
3.838963975518902 8.370008549996449 2
8.206857536516678 3.1825201137249537 2
4.873889297791143 1.9736829818211021 1
3.962026448812824 3.767560563794702 0
0.8063082493274998 0.7230053558955463 0
8.347783597236283 0.971652961665016 2
9.37729181094681 2.3493239581032324 0
4.094674553062401 9.026382059463078 1
2.219001786382967 7.39822063082881 1
8.7419891154721 8.065108483630008 1
1.4143543887084231 2.0981023259654688 2
8.671411345785724 5.142973516416697 2
3.685144475948224 0.9148120145620664 2
3.4998682575228166 9.127852779778005 0
9.097338480306167 5.890955334542659 0
2.6028169683731974 0.22435654476587463 2
3.1448858803599866 0.33969214260691993 2
3.764660920204724 8.929035863182758 2
1.0838443218575988 9.904623794212082 2
3.9141883148387224 6.120101633534684 1
4.589902523374376 0.7674764561366743 0
4.152086540616083 1.4026656416255423 2
4.540061753013606 9.068821397377645 2
9.711125153922932 9.420328485376825 0
4.198078918882107 4.21098678145143 0
6.423268794283402 7.971536125218504 0
4.946465366073657 4.946820629417305 0
1.722864849789324 1.854677393188866 1
8.260668212195407 1.1807137222385244 0
9.922692638138782 4.014351880962465 1
6.541735255642115 0.53150041609755 0
1.2347117150524645 0.6151571163736957 0
3.4659991553547043 4.4968137960934 0
4.69832689936307 6.176915491798005 0
5.098551378375173 7.310690026900356 0
7.904431672398381 2.8507693281126723 2
7.498492072700129 8.688733167524186 0
2.5816888404562324 4.9532093512697974 2
6.069665480220681 0.24455537180236409 2
6.555330964446271 1.4258772968473088 2
2.6932974805174137 8.478529056833764 1
1.1100290574532734 2.0101777851214706 0
1.3025079286585417 2.243738407786604 2
9.482599533328887 0.5710777235549924 2
8.175160716197572 5.277974846505302 2
5.661597851931889 8.104652117329076 1
2.551788201047853 0.2435915467285943 1
1.4265080731068958 2.8911569752463393 1
6.984747955906812 1.295155428969822 0
5.886913720587881 1.328986328803452 0
5.588597197400408 9.581502635001781 1
3.6416471382062277 0.739005871935009 0
4.543900106635544 0.2592737526829314 2
0.6398540875698489 5.289063695681229 2
4.149854271240031 1.3193298264623532 2
9.653822624127487 7.5032471456488645 0
3.8650869451514325 4.612575536985814 0
4.638846204359774 1.9126161600546987 1
6.247654814128025 4.623156095203004 0
6.672969881726408 6.440285406307965 1
1.5066252660312995 2.5316101469704777 1
6.404248259128024 1.8924245247638272 1
8.48318351642602 3.857153702037021 0
7.291718114855018 6.146942809451486 0
3.4767325702468623 7.999951651781117 1
1.887687954270535 1.418544013671309 2
2.2489691300242667 5.876559933914404 0
3.3888601632585957 6.305934685658915 0
9.985241859950955 0.511201137044226 2
6.291040573053292 6.148421737502277 1
4.7099738968385365 6.431338192750616 0
9.61968415212064 6.054065902055515 1
4.907667452391883 7.802632191392872 1
2.540865910308848 1.4565612007036444 2
1.960031399132801 9.61380797634433 1
3.8149086019427267 4.174435685685188 2
3.115509702678627 0.7099523172561595 2
7.592715983564988 1.6757705759719221 0
6.122949725919785 5.619361177785274 2
4.47991877830948 2.474240407182191 2
2.653407500986603 9.317821343765743 2
1.7910637101217275 8.941817955464328 0
6.083271541010865 9.142665494481976 1
1.4438350274757283 2.873604749692682 1
4.311018166137355 3.064415105779644 1
3.5666292186292003 0.015575889165551082 1
1.1887031024241845 3.3952653637770958 2
1.0252645274292638 9.133184229250164 2
1.9865703073001806 9.476405510023241 2
2.9118463075605385 1.7707073612131408 1
7.191619042036147 0.33946116684778316 1
9.507242219333088 8.907266590771004 0
0.023250621684781647 9.78230575370547 1
5.3841948592872555 1.453801272323545 1
3.3034747445456825 5.892420136349083 1
5.070418155546307 0.6377212521519504 0
4.582406564932197 8.62121545701547 2
2.699181819627662 1.6479450913264326 2
4.460312631256178 1.6385247329240271 2
0.28385406183612516 1.7348750822503045 0
1.1814651092161166 6.089983751782691 0
5.06646538229956 6.83735126360938 0
3.0370588110408905 4.515313936051786 0
8.86870391523413 0.55648486242875 0
4.426802537224143 3.552064079193472 2
9.940157519100493 5.9157706893945985 0
8.14556950808273 5.2794539262485 0
1.6143125465761454 9.317357989977777 1
9.831289977157356 5.50394292447495 1
3.822260803497227 1.1556664877043543 0
3.146615783549118 7.93167023871438 0
6.393360666960906 5.097223974714523 2
3.9985303698814425 4.504957879482262 1
6.716110461154181 4.592135505247378 0
4.41824195843433 7.499098739493972 1
0.41221552284996466 6.877619455810613 2
2.3400570758628336 1.4430931553335191 2
0.7622300753531575 9.616529603592559 1
3.3107554714970213 5.511930170598088 1
6.319022257946788 0.17448567347967847 1
7.759349751433935 0.4081447650033265 0
9.457102107913764 1.2012075959618806 0
3.6359834031834506 2.057499748351299 2
9.708288875164522 9.548649955724184 2
4.727989198950489 7.4602008256504355 2
0.8684197515188397 4.208905371169186 0
1.538581555323838 9.314586877965539 1
1.8006532197398217 0.5943693136861539 2
8.404795107886642 2.1753707109297418 0
4.393635934345226 5.625051851283562 2
9.895816703397562 4.3050275864934235 0
6.082526262799196 9.911624509450386 1
8.147062714868902 7.943643200979947 1
9.089411769574962 9.362892118836758 2
2.5615779395978633 2.8253972727084955 0
9.929470222583143 4.94677632546662 2
0.8866209685256377 5.531301065260131 2
1.3935478533713508 9.813133190542173 2
6.120996888962857 0.4150191048825058 0
0.3752481609386771 8.02432817423909 2
8.00566414819071 1.9136545972498131 1
3.5493300242576806 1.4062071865521886 1
5.79108728325463 3.3048401807193684 0
0.7963342533926276 7.356918078155093 1
4.543709043412891 9.230311433004735 2
7.986177555437859 6.501453429418508 1
5.446572606284606 9.37870516872228 0
7.1470116408296755 3.972864193980268 2
3.8838584176862048 3.300559740533693 1
4.44876947116337 5.5427415741063015 1
8.245125618842508 2.8035584880790685 0
0.5371248407613727 3.6826247971578194 0
0.8042997032711441 0.8740540627046556 2
5.74922937621594 1.2420216634852044 0
9.66174219978599 5.413217852313286 1
9.423739201600272 8.212315336468368 1
8.708869582706592 7.661003170296975 2
6.648258813277358 9.809058257393659 2
2.7713677991810415 1.613085596431737 0
7.601497936142265 8.445933515895392 2
3.9371476036041253 6.8094013371712165 2
1.5598919158536773 0.5562395261231767 0
2.385168223958635 4.3602506337403035 1
0.0420267073234204 1.875733898676819 2
5.46950034445369 8.900647180973827 0
9.583420252555722 9.942947301009085 2
0.4670424393509387 0.2304217773172912 0
9.912903595692764 2.4920017056980326 0
9.261497028310444 1.806696878812919 1
4.150376038236912 1.7443209308829644 2
0.8630550808800086 4.099245316218113 0
6.861587441555681 3.3717828937410967 0
5.768201455379759 3.0361054884321903 2
8.399449128259032 9.950265046265079 0
2.8705198525997777 6.903340042254186 0
6.0251744527222435 3.0980023077160537 1
2.350799610709725 9.715658624318483 0
0.7320011988953934 5.1992653113854805 0
3.936600776499243 7.063868146842544 1
4.357720968215722 1.4874141395562357 2
5.201626244371235 9.302400804811734 2
2.190936794126641 0.7955164796477598 0
8.060956902799434 6.621237525627597 1
6.638549206946683 2.4590149690353993 0
2.3839233361330967 6.266612208131338 1
9.679760374696835 1.1241739716481502 1
6.372480066048243 6.992028155743136 1
8.962741365477768 6.934969240125773 1
6.693690432939854 7.266131031991705 2
9.2927588171303 4.401230701772488 0
5.840691555354271 1.7348331805626138 2
9.934454173855672 9.723256323850611 1
7.466547183580388 4.87560757211297 1
0.2760578311297768 5.886485584164545 1
7.384850105679343 9.509786985332905 2
0.39904698743907896 4.910982009985785 2
4.281102150700198 0.26757965216571034 1
5.168541336473811 6.447498855261981 2
1.808547744853708 5.631154086653316 0
9.349690927809826 8.553470858194004 2
8.1112490574456 8.64863511184567 0
5.152548100806702 8.135661188373629 0
6.412020717891882 1.203542524659612 1
0.3996410409264206 0.7191943809073098 2
1.9839310973074376 1.370194391271704 1
9.808451079463302 0.6942821826733714 2
3.548126736018389 7.682203835294597 0
3.0225576655970787 6.43832439011346 1
1.3988374166444484 4.858221384916765 0
9.864383605644719 2.5202853488848875 0
6.854410204204605 0.930532475298832 0
7.91234799769743 2.638350436455309 2
2.0329641688925557 0.552945428048176 0
9.478290777896678 5.238780231100519 2
6.388369363678866 8.743428575524227 0
7.648515665941108 1.8222407965048193 2
5.1623775220548795 9.527022273896685 0
8.566606449960064 7.9821142878069375 1
4.723822245094315 9.939531071332148 1
6.1729070413576315 3.1775698299581014 1
8.387833161545219 6.252745776404646 1
1.619523357012247 3.162563705509042 1
4.9446544856101315 8.651960494304728 1
0.6996859121026122 4.376809325616709 2
0.8105317437583326 2.9033615971860938 1
1.515942068892171 8.786760725506044 1
9.09213843751652 9.690756798104422 0
1.2509333261468214 1.33101755070131 2
0.4686600702246635 3.635470193278599 0
2.1509202137799264 5.3014063534727 1
1.4889200483087228 5.390966755344876 1
1.3831741627292382 1.9301845799693063 0
6.1602953152488995 1.777892393182392 0
4.393190563550933 1.9477923628573668 1
9.566936481623696 6.02627777930695 0
9.232309750623127 3.3118365871752653 1
7.322601141429699 4.68155616396614 0
5.081701054706174 2.161354024712826 0
7.059202101587008 1.045761989632199 2
8.74078957055609 0.4942340054206118 0
4.92020034263399 2.8388005094905786 0
7.6902206403749185 4.70748567095994 1
7.227313615880568 1.3810796023165373 0
4.340757725453802 5.865235670866273 0
8.371287123794238 3.2499709775648675 0
6.557649321231348 8.748110964139295 1
5.735112185143732 2.807823995107822 0
2.3788125622200917 0.6594882732633467 2
0.28981412568003795 7.479656531270722 2
4.547536574410121 2.534936454342074 0
5.5142733754302276 9.69883420918288 2
6.057775906820519 2.094748751890286 0
7.8298510311015885 0.4187477116186378 1
0.31987463949391337 2.248762888310992 0
4.013728719653528 7.671126259583198 2
7.377087953452262 6.943262279365658 0
0.3644073425136263 4.06148184931098 0
9.958093275036788 8.431919752248513 0
5.1557176611635525 6.691455783130108 2
6.674469473572513 7.437371822771609 1
8.300319642931882 2.807087184140503 1
4.9511445797938265 7.82506479099027 2
7.160118855305132 4.018895294652704 2
0.639022257397216 1.458036641711542 1
9.619548197236487 5.503707473322342 1
0.8991641087036528 4.121602658202416 0
7.01081354590389 3.479281915599662 2
4.012824915647181 2.642150952596446 1
3.1751837951524697 6.155061279857277 2
4.005620706100384 9.20591606595073 2
3.5967461646715537 8.059039659685922 1
8.34234874248426 0.25710079258188134 1
0.6877450598402868 9.474781741275764 1
8.928522025001712 1.2808884703722645 0
8.560735326140486 7.649985878103386 1
7.0563616163684815 6.265679428999028 1
4.901065717335631 2.705028278627435 0
4.036482073315089 1.7071081457939785 1
5.208282967885499 8.91715616877674 0
9.1181808609859 1.1046318395797183 1
8.824421194603481 0.9929476714697416 2
3.427551745460573 5.849392098205058 2
3.067904557742911 8.717820498069566 2
7.37355320707826 2.309022676171816 1
2.2321580495979845 3.87455356133376 1
0.03130146256642097 6.679125562676651 2
8.750448178530666 9.022437678810224 1
6.80465016805527 5.197186621049786 0
9.818825233458082 0.7488422437891151 0
4.3167064391387955 1.6394904771787744 2
0.460757826806637 5.259653354574041 1
6.368311823460382 6.5091060451944385 0
3.707014334477652 5.988454618968861 2
1.6323141235315608 1.7075070525360658 0
3.46239436947408 6.127757163986425 1
3.6697595460679002 5.903704558012865 0
5.86862137519439 3.750075701704044 1
3.171075218220646 7.896646094836792 0
0.7052083272204768 4.17736051409981 1
8.881623204102475 4.70502940618778 1
5.0737483355047726 9.752336998822154 2
3.5984593841408854 2.1311094818304186 2
4.526318141073478 3.600911476363373 2
1.8318734216169352 0.893179896463131 0
9.923022942682902 4.734738819237865 2
2.243059895990683 5.575864480646773 0
7.399448984408908 8.826268027740653 2
4.561104749806484 1.4256516367652183 2
0.8925411712959208 2.5260481652896316 2
2.119708807394054 8.448709093128935 1
5.758406200901396 9.642671376720216 1
8.431790968117829 4.451927442088505 1
0.8025018182793786 8.080462574551722 2
2.5920905703957975 9.465786367338495 1
8.191300808684206 1.096074967772418 1
3.4191583173465103 4.4600271498971615 1
3.9841106251197154 5.815272660945496 0
2.9898258999423954 6.7099547205914645 2
3.5796002491980907 4.058531801017623 0
2.16239232380399 1.3545157747203052 0
4.491928439374075 1.4686742963639832 2
1.6268586600308466 1.0958790422251274 1
9.26074802123938 7.153661728934287 1
5.648661370332117 2.5171273560318133 0
6.365827550709047 7.567502852560062 2
1.607334131029824 0.9467421403424503 2
9.580631853528143 1.8125017200656468 2
9.96023450284328 0.3496754542467906 1
2.9748203287100994 1.2631043538085474 2
6.175076912387405 8.654788133307575 1
8.740338124395324 5.986272919129247 2
6.7200987582347285 9.250809383043407 2
0.5333155566128811 2.164553085875063 1
8.122454016533444 5.163802631458511 2
4.349156073431407 0.008239481727779774 0
9.989939640202714 0.785484300431929 0
5.42366523845309 8.824666591531217 0
7.75211292397906 8.144366949621466 1
5.477450275237765 0.25727939396254396 0
3.296743096879504 2.4559993782558367 1
2.807472043587975 4.771270385492792 1
8.759559880385448 9.602499693994952 2
7.410909440071517 7.047070284114778 2
8.205259472589436 8.139205386691048 0
3.503295346934565 8.583349360619145 0
5.7795791659151305 5.088162729105444 2
0.162214393002732 1.7326428567801677 1
4.87829884921847 6.522169046101013 1
4.844233233953198 0.06589416669494752 2
5.048245332431031 7.411661019346668 2
6.905118850788735 5.824939040600418 2
0.7088543730898078 7.850305039985813 2
8.875661471863795 9.450859250247843 2
6.193969278664692 3.793257522104174 1
1.126841422401279 7.878525920184343 1
0.5670553719661064 7.5786204259038294 0
5.924506227407338 4.811338891484626 0
4.067245294549354 0.887688340702899 1
2.4468218877378267 1.805993218894062 2
8.263720839846084 5.1868950026170415 0
0.39296809337114214 6.093097784180275 2
5.6874858220929445 9.3506392777012 1
9.775398581605726 2.2892705228020107 0
9.876168214135655 4.990716414644993 2
2.6260892966733884 9.522809614585992 2
5.82035757292545 5.7775213295257934 1
3.9296754103707707 1.9711439605388026 1
3.1272045325419064 2.7681687825712475 2
5.356864115954352 9.619615632421567 2
7.420747090195769 3.5000331350945393 1
9.361672126858931 4.548675903516864 1
1.9061848090582978 7.071297352563875 1
9.567969044798808 8.345848358880394 2
8.484281320578555 9.05652108586721 2
5.607564894713311 2.3667349941202245 0
7.6493999939136215 1.8769333903864738 2
0.8743572293237778 7.148096135001412 0
9.348677383025843 9.402808971684843 0
7.816396294381725 4.555337288235649 0
4.02596943810536 3.138005475996261 1
2.6235187180612884 0.5178963661526803 0
4.422365838657976 5.402881570035091 0
5.990706310334216 8.385569384708553 0
0.4948530459357625 2.059031450536576 0
9.297089727727268 2.7978728412953235 2
7.67710467130243 8.994546392825042 1
6.036849286059564 0.6123378905388543 0
7.366242874068718 3.5432148615760517 1
0.9158806780516027 8.290873604170693 2
0.9260873958100824 1.488884763534477 0
9.95793297380618 4.1602162889539755 2
4.947955294246924 9.88867556851876 2
1.5689562969446325 9.366000634715373 1
1.684811554738851 8.44943594174708 2
5.744842487792708 2.5414011022123004 0
9.930715091126137 5.735924514416876 1
8.44255325327065 9.519921947522771 0
8.098368055992342 2.499894492428103 2
1.4055375933559344 5.479386196231506 0
2.454046801041713 2.4162613130604846 1
4.2747913036494625 6.279852530152912 2
9.349822849889918 6.704863612581531 0
2.4292625344978758 8.788349087907172 2
8.233221660881684 0.10378868149711562 0
3.0194209306257793 3.2534070508550803 0
8.862933094934565 1.1569431248863016 2
1.7923492583451495 7.806873549912049 2
1.0022442685987998 7.48332373270289 2
9.666736191497717 3.1729073487996007 0
1.922366702836652 9.759372362307806 2
8.365867025934776 1.2729297068894696 0
3.7128698931923285 7.847304529451362 0
6.042350659597968 9.455033922403272 1
5.296379248127652 7.6497321085768535 0
9.706674674850472 1.569168616018407 2
4.43401017860913 3.4347568106169746 0
2.6821369328459985 8.684695056848676 1
1.1347799525676405 6.4276488001563745 0
3.5054752297363123 4.51257144810519 0
4.321260331826853 4.47086726491225 2
2.5434042116966813 4.971078111223216 2
9.456532016960033 5.7960072214316085 0
3.365256890884517 5.494190646862961 1
3.7123683987979437 3.4470171053884577 0
9.212904040418797 8.381873110540754 2
0.2979967775898684 2.5245215940167753 2
7.228070049069027 1.2892456559956689 0
5.069347904230966 5.294064097868947 0
8.407280447703922 8.765469228182445 0
2.515992391923075 3.2581191254020556 2
4.956483504355043 6.6878478624398765 2
2.938603706505849 1.5112292450324705 2
3.5519257336294197 3.0218878034557006 0
6.44350860634766 8.011769194432802 0
4.651564509361439 6.877405859517407 1
4.672136555287347 1.9721968923384536 2
6.968282091432428 5.599352767412967 2
1.9111008299179277 5.160276723114708 2
7.871447581540338 3.698239115414238 2
2.3580078285766035 3.848711041069829 0
9.684923489534855 1.0081094637667243 1
8.221747452998118 2.517914443029597 2
2.1302241339253483 6.6492308507827325 2
7.318117885698017 3.5740413313751898 2
9.91357425586369 7.12593121757557 0
6.600812195492748 4.888646626504812 1
6.914094170943683 1.20621606579969 2
6.886226879719485 0.9273064794707075 0
5.6870616428573975 1.1869355442537477 0
5.2415843372798765 7.2327335288801216 1
1.6650331539779506 4.01596656725732 1
4.015296334964908 9.227032481155957 2
4.954549690217518 0.5948548592617253 2
1.694361160375366 9.521492835710285 0
9.918717040853878 7.65157562019766 2
5.142242013714617 2.0260335381948824 1
3.954310313880222 4.256172796662776 0
7.716491812484859 1.0765055216569053 0
8.5505576899415 0.9496874934326316 2
8.938244062957356 6.564325335244142 1
3.891516125909523 5.664715204974145 0
5.021613813988955 7.222266672039529 2
0.012455293803850243 4.553593931075524 1
6.096927398925224 6.3335867734207145 2
5.631680880253648 9.809251989262613 2
6.159402487235338 1.1031526083440535 1
9.260942847152338 4.090472568823726 2
5.926260657703159 7.214080866807958 2
6.55853434743812 7.722092392479319 0
6.288511802684473 1.6161588888340794 0
5.9161188449269755 9.198022816530164 0
6.9960860957173185 0.9478590469346737 0
8.938436735795127 1.3420116413377925 0
7.0346238496232205 5.7889473742366535 0
0.8365905385232575 1.3457902722964987 2
0.0048850730846639046 9.91008883397955 2
9.971623562653354 1.6356054863302827 1
5.008998007709728 9.05995676884633 1
7.358031090165804 5.175807359089264 0
8.341143499335363 2.4084807859243416 0
9.180941079888573 6.621777330626081 1
8.129609319355653 3.5100704469540824 2
9.11346424072529 7.785615129583858 1
1.3984279025841473 4.877208430124563 1
4.860396826346143 3.0314081112352653 1
4.987128175337806 7.108974892468158 1
1.1365220420129152 4.665855508910186 0
9.411252589269942 0.29780276018242513 0
0.08633685202435903 7.872150686931834 1
6.783096848397513 9.637818543750114 1
1.866710096020836 1.2388728037068808 1
4.262119137963394 1.5180302563078196 1
2.299001972269611 3.6246312580933604 1
4.714994256330394 4.922317201833834 2
7.28532323773474 3.9598940865782604 0
8.638895014707193 2.6391754550380297 2
8.006348454231082 2.7679080177328466 0
0.12101268277529886 0.42372803199224207 1
1.3290381643409133 1.8221501066321544 2
8.958918704309164 3.3444862927021637 1
6.9007385077176995 5.54933966703758 0
7.886237897254516 2.868827481903984 0
1.8513858284064788 2.7388986332566443 1
9.023070937377677 1.8974773616384166 0
4.361504831677692 5.676869092773227 2
9.880656342494715 0.09473686669004389 2
5.340698305159323 9.345904001176471 1
4.345341763372204 4.91912157093143 1
2.856247838214976 2.2884136292051505 0
0.551784776649491 2.7681129547997307 0
8.908235979633393 7.3737262326294974 2
2.71613581307807 5.032322171715746 0
5.646793792972664 9.276550563923491 2
3.03223151936741 0.3269026974908862 1
6.8915243048154595 8.77631292617685 0
6.631286499797078 7.878554373046548 2
7.468103824081979 6.993435192142229 2
6.69385140713605 7.58208547463564 2
5.695195357058427 5.072559417036361 2
0.6913343316838749 3.424413159291364 0
5.441401981394206 5.445350528351121 2
7.21179849352186 8.29317744772383 2
4.764384303694234 9.80728111250193 0
2.5659326343152946 6.3421647848310165 1
0.30453923364237134 1.8914760340436976 1
0.7970024841298629 4.771116617758484 0
0.8903201512946246 8.739563022119487 2
0.3872499659587114 9.402949342452779 1
3.8264073453635508 8.801214152641167 0
4.538254160606144 3.1721177089268995 0
8.630135036300592 8.007732019835622 0
5.12734514367123 7.5722314756367215 0
9.696840766363371 3.5865386673166344 0
2.061334406163872 4.130603909911361 0
5.7623080792984185 7.183754027127016 1
5.5424708313654065 5.071736778506722 2
6.458907684941327 7.758036748617147 1
8.46757664385081 8.715677488482434 0
3.212709830389322 6.355802828828772 0
1.6384573911832123 0.7540679931788696 1
5.657079992423583 6.947450332142388 2
8.545291854747992 9.051289639404471 0
4.078145332550621 6.146869315337302 1
9.188935152786126 1.3423333334886944 0
4.41294475357875 8.369957208721507 2
9.611698432151446 5.172654749528746 0
5.390957040660248 6.0682908141860725 1
3.5013486171942754 5.758203105537932 2
9.172175851720686 1.350945426065847 0
3.309962428519755 8.178602321699804 0
6.77270024626254 6.846981375798192 2
3.9898224287338047 4.72130668393211 1
4.60228295558772 4.763305073957892 0
9.722685163131564 9.998586486496366 1
3.6407640013738973 2.496661823487669 1
6.443505663513508 6.763416227244617 2
2.2680102007710023 3.5471907260662086 2
5.131833211871829 5.134344231716201 1
4.881966585725084 8.9987088880166 2
9.993658219222745 5.222481680366377 0
0.012012899909755737 3.140578146848585 1
1.946154428022261 2.7827857734280483 0
6.664641458583126 9.898041273003575 0
8.620745390887803 1.7544509381476991 0
3.92047861492816 3.2851807416145995 1
1.6837963944444534 9.708739176256058 0
6.7879907567625235 5.338792834929061 1
4.341101594924349 6.555543167252473 2
2.1381570671640526 9.549089857894923 0
1.9214309598335721 7.907781660504951 0
7.197223569356147 8.980313938802494 1
9.163390258918955 2.6467497131543007 1
9.853066427031333 9.522727866502219 1
1.860467809376254 3.5060566379365623 2
0.2764684473943668 9.01987648145052 2
2.9814550404423934 6.55016507591582 2
0.9916619216053169 7.441097076516179 0
2.3217491003234936 8.451731721194193 0
9.63708016949774 2.7470918558102184 2
4.017673061241692 8.376447538112252 2
7.5176487828601495 2.341570410075826 2
7.20129823011364 2.5935014761761788 2
8.085230377375233 9.65102196846258 0
0.10825614742399847 6.255427411568892 2
3.6861028592225606 2.5099078571524327 1
4.958634245333744 2.5863739571432607 2
7.911944511199924 4.3818175638115795 2
4.166601352186488 4.234736998927346 2
0.026428433232177362 3.3124308712497 2
6.490871933296125 7.058691951276202 2
5.105773685033812 6.849596409847153 0
7.602987389789693 7.636502387337343 2
6.960433147931138 5.640056812860875 2
3.0060189306273557 5.33571488327207 2
8.01241746460098 4.027077546338881 1
4.070346669800376 6.626366908890994 2
8.801540158045299 7.332952343766631 0
2.472564998860208 2.774934029039009 1
4.848875398071417 5.53771649980683 0
4.407023220715943 2.522877303204708 0
5.966909043052699 7.189853048218778 0
8.37284470748205 1.6171330197015543 0
8.254453901453333 0.07584783217706281 0
0.3976387922438551 8.313369629137636 0
9.582535631307255 2.2153308832346665 0
7.9911571661171354 3.9575110997729612 1
2.1505159582167455 9.244731736881599 2
8.849683814691831 7.78736344973311 2
2.6863770509958185 9.534693000520845 1
5.798750448253026 5.639384383041102 2
9.315319270204622 8.172394804942948 2
4.072831092220338 8.552493175488664 0
3.0567928599009986 5.625899458783471 0
4.791161068759183 0.9114408639934479 2
0.9172320905375064 0.21056748750285736 0
3.7096441325565763 9.955403838759837 0
5.279708540356223 3.0780022136549268 2
1.9901786253754083 2.946947788271772 2
1.5890333872254858 2.012030774465444 2
3.5495044318452895 9.642948151101539 2
7.052548446502716 5.357091269069385 0
7.968356534162124 8.243873280645733 1
7.3159319106861584 7.135928532307694 0
4.609186636608662 1.9870833368974516 2
0.19002331002320405 2.334337450751244 0
7.3541141989080465 8.381744512549123 1
9.04471833520602 4.512043210131823 1
9.64267887802411 7.450681062596864 1
5.433375599007046 8.731295739198758 0
7.301190396308938 0.5450040127517886 1
4.43097403068673 8.621807185103856 2
7.585205682165319 9.141718836336274 0
9.295593523755233 9.435289224027429 1
8.904972417467718 0.17620690280907403 2
5.841627170116005 5.7819508481551205 0
6.100991974634992 9.063295382588576 1
8.28684668527558 2.187389367036192 0
6.041226313484412 3.128568977750392 0
5.2279806607895685 3.023990537072496 1
3.232508227806292 3.654232198651738 0
9.569868983315962 9.666717831416882 1
4.429409715233769 0.33887856802647387 1
4.520087475616607 7.268471906656739 2
8.180144243029977 0.7609058047131911 2
7.212406547930293 1.442848817989123 1
3.7013833947729227 9.24486349113739 2
1.582108251381874 7.214707379581418 0
8.906601100103677 6.268487121454553 1
0.5412778304728172 4.430610916930475 1
4.261214704242598 9.386659622009942 2
4.044582647835664 2.3824051915052493 1
0.33573774342468 6.474296399968012 0
0.8753952055043768 8.851001668817792 1
8.443522849739267 2.5679387830189073 0
9.066951469601065 1.9222571023948842 2
7.313723961870272 8.49509592837363 2
6.454792293573247 9.810247704197417 1
9.133470036324363 1.0917980178326026 1
5.68966899759772 0.8031017052993417 0
3.0902307939219797 9.137866680970816 0
7.883432931115802 4.837523413783014 1
7.8753898146751435 2.9273438774255167 2
9.07409236916881 2.4238833632198418 2
4.309575438339762 5.115831157095 0
9.478418101813054 6.692086657387742 1
6.3574559920120555 7.09937718611218 1
1.8864740345271014 1.2152357437675387 0
8.762968032452088 0.49089407042559263 2
8.556189845698446 4.369740088831105 0
7.74614100044705 1.0940432358129493 2
3.408210520822391 1.0458801798270678 0
0.8960949867303214 6.341295228022164 0
6.025286465897236 6.217551721174698 2
0.1388490765395023 7.018257690165129 0
3.317574017986643 4.197548086126623 0
9.110850260789837 1.1209824793808865 0
3.855418350028615 5.38748052345335 0
3.566347078066295 9.683812334171568 1
2.0946025620838737 2.922243164537799 0
4.261305900915212 4.7146685211161685 0
5.925192459983388 7.466827265766441 2
3.999142899373095 0.5025245657499811 0
3.265538553068671 9.936801128857718 0
1.9637028977537097 7.966759911375572 2
4.3891410737199985 2.247860074088923 2
6.795256579867473 8.249986705319843 0
9.777502974278917 7.9196856082693525 2
8.088488546144761 4.738785055661895 2
2.4803284302820927 4.564945152586346 0
7.55597041935556 8.476248622916444 0
5.17091178603312 8.549320089679595 0
4.516045941705783 6.94094113939904 1
9.643121925693114 8.450850652698255 2
3.759512079001955 7.156152349992389 1
7.480726293964963 6.701722224789727 1
3.8581906921287845 4.721472216749756 1
0.07612171512526689 6.27791182439807 1
9.231587099623784 9.790912974658077 0
7.289249528796427 1.949676226295819 2
4.590714622070303 4.5143502238042466 0
4.264033931971882 9.517047009660192 2
4.986260252448885 8.791847571512967 2
6.2272336070067515 6.128095268744725 1
0.022627406178009624 6.884611060918542 0
0.1418537336769199 3.9488727552690417 2
3.1379879270004576 8.314817258479513 2
5.408142352338945 2.4079225215953395 0
7.058600862502069 2.860026612238017 2
4.1019438735014315 0.7097326409061389 0
2.7183855413728084 3.890962279982615 1
9.731629785399218 7.30092863036554 0
6.096971798320887 1.6740178376124704 2
3.7712478347909126 9.723422586263077 2
9.254241342450442 8.147298253228891 2
5.3318163026107595 9.231169493437232 0
9.46621769582936 1.7743279866751482 0
0.220657401496952 3.710028916193747 1
8.336636844339688 5.233224463108579 0
0.4154119893129238 2.4662103635503807 2
7.625164474050199 1.0126377328287894 1
5.19256969820153 1.5382504868414437 0
3.591156318248503 7.61815762815485 1
6.669529990607979 2.5112479455457857 0
0.9123658801102041 3.928712673339525 0
5.001705097507033 9.348076219335002 0
1.6997577715366896 9.114417124672082 1
3.4079873277706287 8.04092533858224 2
0.9655215667456984 8.066542348784036 0
3.5506243732193896 8.171652457096243 1
7.597970329649835 5.635035844141213 0
9.219918568695673 5.873201890212495 1
9.121258865406759 1.0732528757162785 1
1.3927746427615173 5.240900561076098 2
6.863526077465401 5.486462337032677 2
4.972330089105631 6.993960383449528 2
3.6865637132732942 9.547801909966392 0
1.0917396973353455 5.159890603678136 0
1.5509830504334055 0.41028513269902533 2
4.69710750130043 0.5508862726509756 2
4.639648218888912 3.4137568597918677 1
9.411220794115714 1.483186851258682 0
8.49179621172502 5.383195820803428 0
1.9505879436382878 9.76054252697391 1
7.687904461960764 3.898857957769606 2
2.163784698517468 8.233375881193316 0
1.647462320985289 7.342245428956056 1
6.004590137380392 8.309881514890948 1
3.2583970318308166 4.855490225289629 1
4.151703480184709 9.042099363665482 1
6.4096560261562185 4.560173048592691 0
6.6005718393984845 9.826292570686007 1
3.14562569370941 3.544752450943297 1
1.4748030197231088 7.24184680024184 0
4.826889194989664 8.399849960811975 2
1.5672786692032437 1.3331023800771713 1
7.689415448095024 7.45240188030425 1
5.2519471250199405 3.8743101761714094 0
9.377721686449467 9.083000680093216 2
2.695921244867523 2.1292930423403025 0
4.562587395377623 4.128520853636094 0
1.9534740138773299 9.617780188236129 2
8.46019426650271 3.308504307848964 2
5.063159519694951 4.896504559653615 2
4.26350430542184 6.310085721387106 1
7.538768181345329 2.7158423287143894 0
9.613416686764012 6.657527337177733 2
6.40960284485187 5.3073689237635335 0
5.963171891026463 8.80344329141131 2
0.992216989079302 4.110125110813848 2
1.7672453218985429 8.819611299506832 1
3.487807747805951 1.5339267320761463 1
5.699466313416631 8.946031100128257 2
7.823039633976231 0.5164774571197805 0
4.391005632230776 0.6176364773484633 1
9.410351051554489 2.2645367147627296 0
6.34944296106945 7.803121785372589 1
6.403755019757188 1.1213642123090684 0
8.700721874880502 5.9703155936235515 1
5.717645480383568 3.0003825204079315 0
6.940182828963303 5.833973245670824 0
1.4521415135839655 3.55719952063948 0
2.1323621147279592 5.065832587091162 2
1.2612464198148121 5.5785964652232405 1
5.219546417165412 7.004799727853218 2
6.9790016739662954 5.640665811094518 2
2.5883381126829477 3.233299825777163 2
1.6873862463179201 1.7715856063154523 2
0.369012858284824 9.850730011433717 2
4.985477937955366 2.7760554873469676 0
9.449214352207013 8.051140748042071 0
1.0181177638101846 3.429420899007095 0
8.881864587002074 9.02770532665272 2
0.8059697210805672 9.613643560126258 2
7.845943749986662 0.8199937743584429 0
2.4468383618822473 9.462192164901117 1
0.3695883931328181 2.218184028507043 2
5.341181557298765 3.802706877366062 1
9.71747013786757 4.627082982719632 2
1.760895219286216 0.61553707830871 2
5.987091695371744 5.107102963932261 2
5.0441709045360685 6.206371449819599 1
1.1090240484180924 7.807851517483715 1
7.188432690251517 1.445872426510686 0
2.5133371866107046 8.798688214979215 0
0.9653749972807302 9.836312062555578 1
6.630304753042867 9.725592920997789 1
1.141359151990049 0.7635724925621834 2
1.7429623955937956 4.700796177876255 1
5.851684022260427 3.961497535139251 0
3.6948532394019384 2.996252571941308 0
7.295542884592033 5.04141064035577 1
8.089667625040217 3.788166451021082 1
0.9857441923688182 8.653249645827454 2
8.790980962442136 2.5131173925643613 0
5.379591411277218 6.418615417812765 1
1.4785085308471535 6.085322714975358 2
0.11493762732344481 1.7466574956042213 0
7.697829852667001 0.486346506274693 2
1.1286552855033483 4.092533283111733 0
7.566351091434999 5.422108952384381 1
0.37556851934335667 7.15749997075377 2
2.7103480411667578 3.9923538752209673 0
2.9452958554599107 1.0223567375273546 2
3.348329533465849 9.95759665403672 2
1.962013326972356 0.5715995059093548 1
2.4511002522853884 8.83967567728879 1
0.49562877128370375 1.6187581740743606 0
1.8977582984358454 7.988873244661673 2
2.5635057509280754 4.3064941921299855 1
4.991698397008716 8.522998853511714 1
2.302862964714735 4.344486460663881 0
9.641140725488306 7.645756342695252 0
2.58234237518574 9.781415294350618 0
5.7104056798500284 5.073824306616275 1
2.912156428351228 5.980274148562036 2
6.85761382574143 2.200453140195846 1
8.327892724123785 3.310065291522888 0
3.3219262475021907 2.1927196440271213 2
0.6582831305796 6.517117475912034 0
1.515672472792584 3.071070383546204 1
3.617590858134707 9.487050831781094 2
2.8326692311806365 9.507624025186232 2
0.053563493883885815 1.6783432288847633 0
7.049709634593522 5.300846844174048 2
5.103754143014832 6.971752557418151 1
1.1975144172395835 8.238476685478945 2
8.708016094660724 0.13025291595648913 1
8.131602200577683 5.176418457217816 0
9.309052421143399 6.447405486073057 2
7.38500666542927 1.0785110970193457 1
5.933660870124358 2.305215616754168 2
4.1973178391660255 8.112512325469112 0
0.13974501792798244 1.1545223304117402 2
2.86215116270455 0.2615290603122855 2
1.2968179980522199 4.146077633007151 2
2.811554914410599 8.910428416007742 1
8.383711227928229 0.9340879797016965 2
1.6614263004858887 0.5542686216289938 1
2.9094435462911203 5.865623603350471 0
2.585069666892238 2.92192245492879 0
9.951260096811966 1.3838706744122298 2
5.078065510574045 4.7610062492715794 0
1.2009204546954932 1.6920441002495812 2
4.1318263572511915 9.428065756856371 2
0.2706372049196426 9.978441909154693 1
2.6377935974532427 7.528083668796111 0
6.013097385145791 2.000029475087084 0
3.0372802257117595 6.399860321220537 2
0.651613382342835 4.593887960219838 1
5.910631050889781 1.6325441961378817 1
6.571643502794853 1.6469248626753519 2
0.4736811978642297 3.900405970131934 0
5.428836606743328 8.1394459637129 2
3.588190180367704 5.476075436521629 0
8.12958134509991 3.860159304270412 1
6.927842902495572 8.44655890537812 0
5.407950198546271 6.38714973463554 1
5.875600148026445 1.4456736699885364 1
2.0622259243284224 6.5288496741952535 1
0.8204944997583574 7.522762296701789 1
8.494519776225406 5.166758836365773 1
7.332742367020634 5.108358553698294 1
6.400513132084359 4.2635088720511085 2
0.8966918420890013 2.6122254890162013 1
2.6524088895881546 2.3208814453191917 0
1.6975664497264542 6.291397482321934 1
6.474888054034842 3.1194969831676755 1
1.485878341050224 7.043976832928992 0
4.913477254395934 0.444532670683786 2
2.0247422016595964 6.339178371864693 2
2.043301528295842 1.316177023281504 1
2.4454707066019434 9.972808111008257 1
2.3072581675888184 3.752919176456392 2
3.171382843876296 4.77713714464059 2
5.631550120762597 3.0840015695385103 0
7.3343167814499575 0.4999090844851739 2
2.8789477307433673 7.703106174582554 0
9.841327497132406 6.625184460021324 2
4.910110200801659 2.935593293929127 0
2.1510132478467625 8.802306663690436 0
4.728784779539587 0.3186071455347206 1
6.483851104969275 7.880802772161653 2
8.440968383377417 6.200867890460335 2
3.938475036567246 3.4132042435941043 1
3.930923501256667 7.759497031334313 0
9.982913548896965 5.862833884408293 1
8.022720973492731 4.031821283505827 2
9.984246272106589 7.005430341759745 0
3.460425351425851 4.788384866899396 1
9.927326648288973 0.9646407314908723 1
1.6701197154000402 6.263823787011843 1
5.715822377594725 9.451731315902421 2
8.511627758207537 2.3105037536915853 2
4.486251872037622 6.1621562225265825 0
8.585492586250014 9.76497677999186 1
8.78969590946404 2.0466118470148875 2
5.938296393985178 0.45694869291991735 1
3.725894790362311 2.216396596457406 2
6.570481684892315 0.3881323532997083 2
7.483508767677196 9.252252636846327 0
7.510642813430256 5.911343604080082 1
5.619862340309786 7.234709103644235 1
0.27033288010170686 1.4355443977222482 2
3.125006837811133 1.145977354715415 0
8.05201896158151 3.184408623966064 0
8.236610649873715 0.8623201703209238 1
3.2797667592832456 9.163368224061687 2
7.74978318670239 1.1986779059980002 0
9.232512081331269 5.280804621738787 0
9.751872672477402 8.303124957952662 0
5.27957560217077 0.3589321095317233 2
5.21351696450381 8.3483835096785 0
3.1717878081951345 7.094415657234965 2
4.8083030877823365 7.747795292962655 1
6.974694771474157 3.282450019333094 0
7.228361473235916 4.58593153723997 1
2.1536300266815678 6.723872930210079 2
9.580572011047417 0.7842405498267113 1
8.483179014490728 1.464845004094587 1
6.219952354758448 8.483598701147155 0
2.1317701697493696 6.102353273697572 1
8.29561521423208 4.179361541513336 0
5.574395599920667 6.706226222586471 2
7.492837813611434 3.184275467465758 0
4.201365149205257 7.026680047390982 0
9.896809347505297 9.884870039610064 2
2.2948394675644304 3.3592811612523055 2
5.598713547326564 2.636278383756313 0
6.22503647404029 2.952960879457207 0
5.474255173363899 4.862352382487209 2
3.3699289221308226 1.949326112254256 0
9.181390770075543 3.200832305348743 0
6.245651639301332 9.517305303995135 0
0.6226908016441568 6.08364399878123 2
5.215385133660403 8.314657183134132 1
5.082599361620163 1.6124353348830067 0
6.593128079457367 1.91219138736188 1
1.2709354927049132 4.734507052032118 1
8.002962212941911 9.877707154498772 2
9.615385669239569 0.9316838090190405 1
4.276896784099508 8.97164862788216 0
4.0322040994487365 3.582212145572509 0
9.539570848836567 5.396991320549601 0
2.3870023788105623 6.752186918040591 1
6.11674024014976 1.6300589547192357 0
9.315513058270307 9.589932754440989 2
2.5935392504288957 9.130872286599978 0
4.31633049917799 8.430711756155953 1
9.866951886387698 2.2566625389528703 2
9.364660949071943 7.026764061823906 0
8.778138992927168 7.75888837308465 2
4.154502535263025 6.890991754117359 0
9.607854729047279 7.318088627278799 1
3.948062110048892 2.539280801062329 0
0.9920707051231648 7.853926096075103 0
6.273364487178009 3.532526068341586 2
2.1197385717468054 4.441624198412251 2
8.422384809696876 8.573728775397747 1
5.094640169254742 5.553863729979568 1
6.319807254857562 7.674271049700002 1
2.9718879933792817 5.496580576538662 1
9.423665560830228 9.125457902034379 0
6.28282240560379 6.372936220436377 0
9.95382438784678 9.991628446028924 0
4.387570654920151 3.124749227601976 1
1.7046139339855737 7.205403531193721 2
9.575751007085318 9.850780540709694 2
4.894571381424545 3.48093637812547 2
0.9843314533719605 1.2345452983670957 2
5.508472772458132 6.9376772778095495 1
3.973848857337492 2.559510552197539 0
4.254300481589443 7.681872920662113 2
8.277274571205744 3.65682387621431 0
6.843750989319063 7.853292070200003 1
3.182972977650953 0.09600124926301912 0
8.275919422404687 3.6764915890065253 0
0.35588990414561095 4.22191756555355 0
2.0098349068789165 2.078011467557226 1
9.749596099680849 0.4724303975057653 0
1.2300778801671197 3.1141142306062397 1
2.8312853109152103 3.147922140053445 2
3.600268505401539 7.040654706885896 2
7.207462941841936 2.053938017117037 0
7.956484181202005 8.853667328764882 1
9.0442415663148 6.448910915061874 1
5.252514715809703 3.5371251949603577 1
8.778906683388762 0.7014773539751296 2
1.3959358913497455 6.964191892834702 1
7.2111445460160395 0.001053582431734812 1
8.924641233925684 1.4162964519106835 0
2.2116506394973925 6.615715800394386 0
8.27879473572188 5.874533797570618 1
3.1456291645640597 8.50128185896746 0
2.0869425390251206 8.428717323555325 2
9.992441158909434 6.621324761416868 1
4.6261547588367025 0.4556223849170882 0
8.507200246913127 2.4650052229413157 0
2.8280433755701786 4.366152567945497 0
9.7486686266844 1.0659144393855846 0
2.5543443254289255 0.16287141754155354 2
2.828858232696815 4.609068297016739 1
5.114533416538243 6.647404690744295 1
8.893537928041978 2.7007549553943386 1
1.8667619131139623 6.431873062450863 0
6.911783259815763 4.475782436587274 1
2.0430225865119436 7.162717810688479 1
0.734797848589055 9.70836952835119 1
2.5452715221986866 1.9560221639590825 2
4.863965203868812 6.661852909116623 1
5.721986067313343 2.010785336189919 0
4.512956689969539 4.2411319849957785 1
6.308901799631551 0.16737995048743737 2
0.8104642091501335 0.2764602377637837 2
2.020970313380394 9.891971575421023 0
6.008139693171756 2.253172316643627 1
8.862303717591441 8.55952619259224 0
7.7512555990864795 9.45438058103295 2
5.886932972443933 7.046931122351454 1
8.499074998307565 2.2863648556983174 0
4.647684016557584 6.760656045962743 1
0.09234192339120262 0.8256351148545138 1
0.3296411875945626 5.234229292840934 2
1.4870558939864476 9.549497913766425 0
1.5108478180992557 9.99061150040637 0
8.916108233573043 0.6980054931249358 0
4.2019218546427055 3.73139062489549 0
3.3840752151879263 4.459592577650897 2
5.15458931964749 3.187294345560291 2
8.86048450283557 3.1028062717907066 2
4.166963196790851 9.430586512204874 1
4.230688714101865 6.77963039428162 1
9.91420658603418 8.265886338364034 1
3.6669066538029838 6.12202681371388 1
4.401827200197879 2.303937932211272 0
9.47553106705257 0.34498508658730276 0
6.057117820871799 4.6099706046524975 2
8.921831270221602 7.499622835615907 0
6.364206516737915 4.881739313580096 2
1.4552207775554349 3.453674537560519 2
1.73635196064176 1.3506152608419209 1
7.968210122036527 2.577043905319499 2
3.1740614863254377 6.806350210620101 0
8.424127169739288 0.8912400643882179 2
9.29414317870852 3.004595430358805 0
1.389377920818189 1.3198079840069155 1
2.326062949525145 7.436569603057906 1
5.388289102779088 7.753238458341283 1
6.4449802004986845 3.655820024750721 0
0.1707031867271025 7.803555665211645 1
0.455634968014611 8.316693465667102 1
4.256355676974137 9.25422410022335 2
4.43967626731766 8.756725933403974 0
3.330504915145479 7.199669657003797 1
0.3043422307149213 5.738017472483418 2
5.372530455049651 3.0484029800447576 0
4.72779540217826 4.157110342332471 2
5.6025505976920975 4.127760491219909 2
6.931206543461277 7.471520402694095 1
7.891326739984813 2.1691338802038618 0
0.5100057408547898 8.393210371364002 1
3.721560537176166 0.6541695281762994 1
4.292788491649333 3.3187727837530137 1
6.051763908935417 4.456047488923418 1
9.968018759421534 1.0555478363485726 2
3.398456790450867 3.6562590106233817 0
3.077904153705382 5.260326438719167 0
8.935998839102272 6.837304341085787 0
5.871576065641827 2.303778954938265 1
0.3522069094766811 6.713427746873708 0
4.792344817994581 8.918901749160165 0
7.122187786189395 8.98019635356183 2
1.6478979643553249 6.2141027056596325 1
0.5016646681910408 1.9707393951835395 0
1.0420076426241687 3.388961579141907 0
0.9925544027346567 0.6605013276303384 1
3.8234545536585185 5.328740899932507 1
6.768459426417399 7.019208839190897 1
5.031183592239009 4.912725208503764 1
2.3808711305850383 6.748388846780974 1
1.5748909567183744 0.09137182646644204 1
9.242149288274275 4.094057642978935 1
1.424197342275445 3.164046841577699 1
0.7382267534318498 0.1782457806963289 0
8.294802910019149 3.878722093288517 0
0.5773720757440093 5.415047442079077 2
3.0986554970857294 0.5505922680579856 0
0.9738793445046212 2.3375998787105 1
3.890957489901281 2.0779546546131544 0
2.373111165434776 4.793668510124714 2
9.735675551282931 6.009929805105127 2
4.912898876855175 3.1004871087541677 1
7.696035684668506 0.5620345457113707 0
6.364675889828061 3.9833074136255373 0
8.14165706652039 5.22297324035449 0
0.8655212109048316 4.775799949611618 2
2.6342128400354814 8.644733432623447 2
0.48287979800650027 1.9260907273132932 1
0.24076128049704493 0.4781520375157611 1
6.234479034902085 1.0984365885332648 1
1.2483434667556403 9.43564044551261 2
5.30763895646314 4.029973197231932 2
2.103281628552099 8.3563790153788 2
4.038136993981888 4.824585164444227 1
3.2838850031184696 2.5848380410495597 2
8.133280940399706 9.46895331294898 2
1.0497119773695274 8.338292345121207 0
2.153372153123242 0.6177022706509439 0
4.908197434249412 4.93275576382101 2
5.791092923675334 5.512499837874225 0
4.739336342112472 8.461550791992538 1
2.7672175916319377 7.633067534044773 0
0.035582094709027956 2.1563066193815796 1
3.913299914462379 1.1140024451993236 1
7.605138804935772 2.2604524675625823 2
0.7706762143561197 3.0431148063239655 2
0.011236188141080516 3.329619593412482 0
6.692174958533654 0.24440021058138695 0
6.656887286808778 4.494364416373755 2
6.488756790037985 3.238548544228798 0
8.357041376355717 3.9188460666282743 2
6.249330506539421 5.307962904850379 1
8.139106405172695 5.495251611475115 1
3.784916139069301 7.48479244104404 0
3.8913515914242702 3.3872635390461414 2
2.0572317931207005 2.721730792277582 1
0.40104304202350893 1.1713145475921616 0
8.838943935474393 4.937807794580946 1
9.45525947371545 0.9984971398556297 0
6.804582268807586 5.523674333506383 2
5.271778858120895 7.535769126955582 2
7.004855039046124 7.434781860723723 1
3.4634062832035495 0.8409663399821177 1
1.402235563956804 9.069045679034883 0
0.003674098278232396 3.1100616420831506 0
1.194452798189346 8.099904513164295 0
6.9827618650343375 5.539157563848702 1
2.4643886625429676 8.878959555057568 1
4.020939197189826 5.184468548150045 1
9.990705485961936 3.5892483556097066 0
8.445776933298024 3.083840274572708 1
3.5580874184538116 8.561767954636174 1
1.7399669456127442 9.386025115772869 0
6.803552362635922 7.794955197030662 2
2.5310920427356898 1.326224247960358 1
1.2742195804552992 4.640961322189291 2
1.6463585958537763 1.912936470401978 1
5.090116073305174 7.624712911166675 2
8.954318640120677 6.151135774408809 1
2.5299718539304026 4.072885002059077 2
0.6944497445190134 2.3758716594394755 1
6.72804744379924 5.0849709091895186 2
9.465411273936118 1.0303211088021658 2
0.7777354204262255 6.1726070257913275 2
7.686401055569076 8.842099399791831 0
6.732492688424178 8.536768678734415 1
5.233715791941034 9.70145340227138 0
5.114961809375157 7.602090030576962 0
3.7488853576981107 2.137642832864465 2
7.868756448838634 2.712448519295644 2
9.434592934798731 9.559572966196379 0
3.9305834839658713 2.0867014002711315 1
8.279200702395904 0.33113078489331427 1
0.8079379769159734 0.04637435458549111 0
0.13952177058828563 6.611438651610725 2
4.616458207470277 6.414413772780012 0
1.3562873572948475 4.875370624917647 1
0.4563312114436924 8.048622674756212 1
7.1876580465472735 4.852605916183896 1
7.518809819409791 2.270474096685299 1
3.4481636187810527 8.036948043921372 2
6.01001533416642 7.364834293665816 0
9.394164046997656 8.631092627929034 2
3.493464793725114 1.5495874690178757 0
5.105098689678317 1.0537958530223668 2
9.129741234222063 1.2059514064900023 2
5.454528402604586 4.811449874956024 0
5.241144169209324 8.663996522008667 1
1.9673562996439753 1.7568207266409985 2
3.0399713846213827 1.4123296009693764 0
5.967615397886554 3.9081069774162556 0
4.359767911812482 3.511309851356109 2
0.2975837308326601 9.382688931851773 0
2.6442384197825786 2.1413013815085247 1
0.8238402487443974 6.630710970669442 1
0.1013011865146285 8.779445713966298 2
5.1273231879257875 9.26459316081923 1
0.06702128126195306 2.529022586360882 0
8.240160930873119 2.9116712520447106 0
5.025745833518071 5.126862423888187 0
4.3643587271703 2.1461537194911005 0
9.819191772360714 5.225188319449888 1
4.341970478762701 0.3679895988285298 1
2.163389586825546 2.584664806528265 0
3.6701933405025136 2.8069047414049733 0
4.831168175579267 0.18463268203856575 1
4.845575742564733 5.430084072332581 0
2.9096288603616207 8.162018416357688 1
1.3278696772115728 5.468016064123585 0
2.394659965854642 6.394151929782276 0
2.3878823978152965 9.874580778516881 0
8.060643469842773 3.4379481941225096 1
0.5693153241567306 8.952575682061577 2
0.11698721064191897 1.1420235480021124 2
5.445125755019717 7.329503301164117 1
2.3477286384737974 8.189360981426749 0
0.4623571934206794 8.488969515855281 0
1.7231407873031512 6.1390576968186785 2
5.46562123241165 3.573923171409712 1
9.003838327347967 2.350696807689184 0
8.280665563248066 8.529058865238625 2
4.561925180660983 2.273833581456759 2
5.450901553815345 4.02549108236065 2
4.943640646673484 1.3255843332001982 0
5.691255531585368 5.9746092759646885 2
3.5960262159322562 5.079989715156831 2
5.722519136242172 7.330691924426595 0
0.13108957695853407 1.157043475908125 2
4.016659352903212 5.127477790879541 2
5.786102443545838 1.957949138609436 2
1.885468216753382 2.1043050519017656 2
3.57537665585094 4.9167525609583205 2
3.7430394897203256 4.859148795147687 1
7.01850412277044 0.9737273065913921 1
0.034186486793236215 3.171908072719798 0
6.272240787575615 3.378891485264127 2
1.0868356479924013 1.081460089977434 2
7.7533074751897 0.13173187073573844 1
1.2203043593581242 0.5759891321421373 2
9.170065785864024 6.632690519779909 0
0.977444633379394 2.3766445298783845 1
2.031057114602267 2.7586789025344127 2
2.3442353151494455 8.18901918902664 1
2.924661604023836 7.060428903005079 1
4.709009778452811 2.9233886886806393 2
3.948850675208014 7.781881067186348 0
6.872565090586744 6.10172093268951 1
4.4678984841610045 2.6671369700435488 2
6.779344393560532 5.793203312036846 2
4.43819990427307 6.1202148740088935 2
9.095439970835686 8.922175228883281 0
0.7991112536049405 7.972764931508179 1
6.517902893722183 7.746770006365669 0
5.6025624649216965 9.331139019390065 1
0.6387108723918777 0.5235995334746246 2
1.1176481175158237 4.188524707062344 2
2.858254583896306 5.789033145138324 1
4.352149845630607 3.4164267342700896 0
4.073378659673121 9.029400040464369 1
1.193252443179782 7.861969639538459 1
8.212729445988073 4.111055775249853 0
4.972785844905234 3.0194721180544635 1
8.449665361010275 2.4520934088984725 1
8.508975391155417 6.023954468883359 2
6.454013380778481 6.262722752897388 0
4.180607401636194 0.4535900840860574 1
0.2266308367547143 1.839468465701185 1
2.97861270512216 0.1775970031147267 2
3.2230449389836755 0.2773870552426638 0
6.479552011775214 2.410435904906204 0
9.032941943810902 2.3694593963985424 2
7.852205708145127 4.0043677569430205 1
9.936732448820658 1.7423273053725752 1
5.942791486736541 7.92696218072476 1
6.371794971054127 2.6746525311474567 1
1.6827517725411256 2.9767726742175746 2
7.035195403473499 0.15774920867620446 0
1.926689362623848 0.21844912268783157 2
5.161420892451534 2.7801552591960164 2
5.359937786471445 7.450761876629097 1
6.785285368744368 1.7930722315040415 2
9.271384744798075 8.614160019421456 1
8.998321656893264 9.69747326658956 0
1.2392620066335769 6.755607770079757 1
8.44482743636935 3.668851351483975 0
0.234970017751156 8.094243421827501 0
8.253135744033361 3.2747981344181287 0
3.8498707334051674 7.687475378837075 0
0.6836750436291483 4.484509720292651 2
7.176359091181864 3.3216401110402263 0
5.63471761994741 2.5383409463039017 2
8.137078241673239 8.807077284638625 2
7.8075212449173 7.266639806008203 1
2.823017492995584 6.544526859513295 0
7.075280660097957 5.446356118747223 2
4.41933032513311 6.12535489785751 2
1.650488807443049 0.5270961079996339 2
2.318854616725985 5.804432030802467 2
4.440263467124898 1.4985397403356948 2
4.8712362085856595 4.191330996855466 1
2.307433529594266 4.289908388703328 1
1.2509586575473097 9.728710416988275 1
1.4168982717866885 8.646127947372875 0
2.027877956418992 3.2161451165612087 1
8.441293349032948 0.7339174520696545 0
2.33549066408699 0.3255264372127953 2
6.4909247238094805 3.4999153280325412 0
9.963003773855391 9.181731371572063 0
0.7787574227376537 6.814882067982905 1
4.795608710057387 4.712346111245035 2
3.2499089897191693 8.156218189885138 0
9.978534746886258 8.333324287718659 2
4.215352699308371 3.2019085372729608 1
7.210312285381743 3.8032167395743044 0
6.127900614190363 1.2547459168346142 2
0.65256906363371 4.556462978546259 0
4.803285743033561 4.124513424222709 2
3.829385463819154 8.761204483263334 0
8.278385938114646 5.752963450317239 0
4.5663165051093895 3.403169936061831 0
6.26587423332639 6.105175251131669 2
7.219092936629062 7.077739400244441 1
9.184961080860905 0.9439677973854588 2
1.1588774742987051 8.37658996649494 0
0.36252945404661174 4.382652526437575 1
4.8138215335928916 0.7702654240347251 0
3.2037728191269643 3.2425513145562066 2
8.083259843092668 1.6642769784391809 0
6.694053193672502 0.4859084676340486 1
0.39037131433046324 4.041535759720603 0
5.012818180423385 9.779873279198801 0
6.574090900430844 8.395880538915682 1
8.15132783508823 9.477735707492258 0
6.358628071758156 3.115951453404675 0
4.272251603711043 1.8372492400077056 2
5.990530733084035 2.608667844775238 1
3.66002239036034 7.7252091514658074 0
3.882104203973229 0.8494484519255918 2
3.983436153953528 1.79035176135257 2
2.221280030988295 3.431382407765251 0
6.36431497945013 9.122769981678797 0
1.238589769806414 5.223489035197153 1
0.6237166301111008 5.3558170047960925 1
4.763702963721901 9.8350830500288 0
0.7524328496283117 4.70813108160932 2
4.915320163942416 3.8022492350272175 0
9.581829040276592 4.121716040381555 1
5.537561089636739 8.19172498499164 0
8.826131957532693 9.819124840103841 2
0.0045291566222505075 5.3052061554952 2
3.7712857730279667 9.16118042439232 0
6.991910278200914 4.678744614503978 2
4.209399543068066 2.0410793636303604 0
2.045795328113411 5.525531722367064 0
1.1316077476206687 9.034976244631096 2
9.225895527966442 2.5616090042842554 0
5.865088146250731 2.003775034492513 0
0.7809029860179195 2.4943150918963894 2
9.039108127576057 4.63595116261097 2
6.523556520892939 0.8381755980023187 1
2.586594246858552 1.8740447932954496 0
9.17861887375863 0.7492382521847141 2
2.637139717263326 8.452557061626157 0
2.123240956234996 0.9287602880044699 1
1.5108248806587987 7.24957296534874 2
4.199167897182462 8.885845585872614 1
5.823786007109785 4.544333688823765 0
5.003190169548254 9.191031065045847 2
2.512070896464521 5.34436690403597 2
8.64307725181088 1.8881856763718607 0
4.47884739679492 2.2960116442150644 2
1.5836011653080373 4.673179379853414 2
1.0875974925650467 5.482509326785002 1
7.767293217881316 0.7907121135664308 2
6.170426529210488 6.356843338158161 2
9.561850563866512 2.0908863178949657 0
4.38385343315587 9.018812321196894 0
5.403977008789262 8.599022452947231 0
0.4079750445448571 7.712534862848898 2
0.1703689143597209 2.0288028430168916 2
4.298347110872903 6.0587057419793595 2
1.6291930897613993 4.9744801685281885 1
5.293314553990544 4.1196474703105235 0
0.7600352240005537 1.4294068737067023 2
6.447838831338485 4.062993341465235 0
3.396630026925007 1.0426876523771877 1
4.002311359450411 0.6851536384903301 2
7.644613112140034 6.046043705985382 2
0.597245269542559 4.096256754201075 2
9.165861172853953 8.992710175218091 0
2.4765710327965937 5.4746678462495 1
3.089193816299386 8.675326952147843 1
4.8407196562895995 9.85501632130956 0
8.289993704665408 7.821154448516974 0
1.4524661966450936 7.819381068112524 2
4.258651284401735 6.9884461012084556 0
0.04104156243806334 8.909781792729005 1
2.9778115367238867 8.669237882358122 2
3.6253196430726566 3.158705222486838 1
7.26497157467854 0.3292149484288298 1
6.982655725088542 5.836505661752927 2
9.248731310211458 1.9387426061124335 0
5.539596465334318 3.283733227535097 1
5.538081889606259 8.882303384372785 2
9.178944459296176 9.808323246535677 1
8.28423920783916 2.9071461503456852 1
6.241376877350798 3.5000649793400207 2
0.29624360861217447 1.1109406386471032 0
1.5665951655362942 1.9233303669232438 0
5.603309922365457 8.026825096114825 2
1.0695554845633692 1.8021830533607863 0
8.625076243649332 5.625665977329128 1
4.013516319912682 2.499103118792545 0
3.2626458488830434 6.119581772160231 0
8.883983403990655 0.31451551555505497 0
5.032468977687592 0.021836696706473147 0
0.1813997676227641 7.923372393347881 1
4.1031463159068355 5.367792083982898 0
1.2685329923494437 4.550026947995791 1
1.130307561332432 2.679515682222563 0
0.23249350456255424 5.896097448681431 1
0.9295951492460197 4.396992092516817 1
6.593649673218725 1.2170045582581224 1
0.6659012610852244 1.8003445935680085 1
3.5570209819799437 1.7597035420234197 2
0.024883652571546788 4.921162591850164 2
9.280677222628098 9.432676940017616 2
2.557769127889503 4.943154877058169 0
5.243629569784503 5.9675702961700985 2
3.9382092265095503 8.319296946931509 0
6.379432638382242 5.021285876309421 2
4.9833106966339376 9.055290185172588 0
1.5454925874544179 0.8995422273882758 1
9.827890581665882 6.742077413629555 0
5.232655505195318 9.713384844627853 2
2.891907519635708 8.72281808014904 0
3.319999790501753 9.130352171465839 2
5.840300127611206 3.2264403825038634 1
1.8328304286495611 9.554262642700888 2
4.995452990869356 4.200394072218737 1
2.1627121001951544 4.604811672385214 2
5.053180453584608 7.802293215972293 1
0.579726951178845 2.0610677315222414 1
5.667592840236338 2.5940336229443215 2
8.52139452391644 6.940870397891156 0
6.3554975191719 2.2140346736009997 1
2.0879920504181246 2.72926030159912 2
6.655753726955339 4.064777565107846 0
8.505449332946828 8.753616749118718 2
4.587901922359201 2.9662678868525125 0
5.340344513832066 2.474599874542327 1
0.6063184560118506 3.181810242296248 0
2.127613168815292 1.5491693404224083 2
1.5245867531807633 4.596315767541635 1
8.739766884670525 3.9157287070853797 2
2.5832975347038434 7.396681226903251 2
9.82286990836392 5.01171807089138 1
7.86127807501606 7.733083285782534 0
5.77146668541155 3.5820417158624673 1
9.530818048081766 6.3028730236457555 0
3.244313294752267 2.5182520910258677 1
0.041085147856169124 3.4645362399570923 2
9.679348723217972 3.903016089528064 0
5.5862375189097655 0.3905865036801981 1
6.372121914690907 3.6320934655071224 1
8.510243829434176 2.902903591947007 1
0.17955989370791237 1.8385360989834743 0
8.457521949460137 2.536581496899477 1
4.061773657142106 9.153721461366576 1
6.533626147872793 0.12109893725583798 2
3.1725478380331085 4.364860082639105 0
9.110561571863954 8.439568117284146 0
0.5823648812289295 9.841461383751245 2
5.613612695823363 9.778354818565916 0
3.2451427544524734 0.4745375460475265 2
4.711200672815893 4.695799605737378 2
9.714996448145856 2.565530927477101 1
7.018163082282348 6.766392828429735 0
6.38355143946746 7.505030616264451 1
8.243176395259514 7.799746414125378 2
2.701650813676851 3.164731235461531 2
8.888567640163384 3.670060899570334 2
8.498925184804868 2.595309833662629 1
3.4000031770913077 5.013391355722564 1
0.8620848757280508 9.566743841934665 2
6.891098751863128 3.184541347965708 1
7.759907063780698 7.9486503850617405 2
8.170298054971282 0.7191014541271656 2
4.413147225510357 5.2576133943969685 2
2.9875971017365943 2.038048209419462 0
8.399768302882759 8.756722379055008 2
3.765611700396593 1.0392940705127873 1
2.6289337304188654 2.912248482965658 2
6.112474730448457 0.8488240784206624 1
4.011300968937173 7.808341743662691 0
4.918453151149917 7.639900080258296 1
4.524576607654355 6.070880536000778 1
5.194907200287744 4.283551608171704 0
4.685731840004185 6.626644710979547 0
7.650678895618695 3.61880222793991 0
4.9983911934731555 0.019897453846352553 0
3.5657447851955992 4.884463812978498 1
7.090721323620858 2.3077086038800854 0
1.7413047058056985 9.489569668607373 2
8.04489059854686 8.519791001853122 1
3.335799626789231 2.773092488337813 2
5.097261382648229 1.673647698080858 2
0.2208655734760201 3.6614155835962316 1
6.3169995447557605 8.81202513512484 2
5.174104220526789 7.163214023735981 2
9.338975973732024 3.3141388987213647 1
8.770934584929071 5.596653135829981 1
0.7747572468111863 6.059878286814082 2
1.0470390309141342 9.889929551587437 0
8.503744033306436 5.330041478831688 1
9.030163656236475 6.7119068697882 0
4.579391216091924 4.614720989453849 0
8.52076011888328 4.756968860220522 1
0.00825472950419015 7.188713668865993 2
3.553160250211845 9.686009720298701 1
3.711786765988859 6.620279899296101 0
7.108486913957247 5.131119012735953 1
8.532133428009656 3.0938044240393747 2
8.91119999910274 6.761364403000025 0
7.196494394351522 8.986213898995727 1
0.12532945510511873 1.8236361307305238 1
3.4165250746729314 2.6893711011237222 1
4.0373450496386 7.804902433177219 2
3.3319851910916776 0.6443767837787295 1
7.395564342992291 5.886580511436678 1
6.323176117668815 4.067620855125829 0
0.13735664281823823 8.537389010263011 1
6.080450317440473 7.157209408554004 0
6.9296812518342215 2.5554762328522096 1
6.670042927415114 1.6831406826848805 1
9.92750384839824 7.369519003927072 1
0.1535756447538561 5.160431680287805 0
4.626072076384715 4.570907544934184 0
1.489968955048856 1.4648517648248227 2
6.021878515577286 5.715120003330151 1
2.9924803327357488 9.806792043430168 2
9.009021761012605 7.139487264503899 0
2.828441355034829 6.574852129092462 0
3.3790345900988648 2.2068543937501084 0
0.5758352356395446 2.878372847121863 2
1.9212558814056446 9.071631709557458 1
9.938196716699343 1.034781866999418 0
9.398834796603765 6.770525995134138 0
0.22948860411083016 2.8515728094924686 1
1.0889518148645339 4.6191752991443185 1
8.335420201510342 0.4618605469378556 1
5.320190378299153 1.7710405155748477 2
0.16813875308308246 3.7548565904864715 2
4.805719838679165 3.4402830950429375 1
7.443142067618575 9.027030956147234 1
6.348406190067154 1.822106774100798 1
7.850457566750456 4.533566464991284 2
5.780834662349921 0.2656080925632409 0
6.81230581350774 1.9535469914049752 2
5.640867222650061 9.14601178987635 2
9.366919612893673 2.406530328454078 2
4.467093567468553 0.532596193042959 1
0.374936115657194 3.1417193586373626 1
5.478288314646108 1.4736039495168252 1
4.583902445949656 1.9725789898503343 0
6.578371908612819 7.599091349093735 2
0.1438424068864741 5.30027097576319 0
1.9669210423520989 1.9025574162590009 2
0.012694646901382223 0.49154561637895333 1
5.067217146814746 1.5019808806497936 1
9.74654908167343 4.328716369154223 0
7.2095663013069515 4.5258130576375875 2
6.597441468042518 4.2660379844067275 2
7.65125074129526 7.2724441228571965 2
7.317731619308953 2.1732298847200626 2
8.730199062606344 0.9824541222729488 2
6.7020874242231585 7.611142421433916 0
5.192466747422645 6.005607027319543 1
1.90798764863515 9.220858134075707 1
2.314537055103376 8.475624225673767 2
8.51380238538424 0.16946975817442755 2
1.6237132062610171 9.121186732333623 1
3.688523105772592 5.0044974804859335 2
5.32262784712493 7.024069857222529 0
6.233126178829174 8.62910488676007 2
0.33171862039606426 9.350241465304421 0
8.382176187500384 0.4583832109403485 0
8.873248801897807 3.58701732078178 1
6.612358672036882 9.249273002956738 0
5.398679720883272 1.1402986316723596 0
0.6445919715119353 0.9101982401864517 0
8.00816698534365 3.447296290279176 1
8.584121805296196 3.53767669243767 2
0.9748749596364359 0.8065659655890878 1
4.274464001602923 1.1767835578835462 2
2.60403800598054 1.8136010654603352 1
0.26006073161981225 1.2649023137452908 2
8.831953765744265 6.546919076842971 2
5.279104303675764 9.331142350749522 0
8.348214118327059 2.604136048000721 2
3.750471494319445 0.9057027750173485 0
9.958352858597923 8.909462572878157 1
3.6597784684490655 2.704078453654942 0
8.424725193622526 0.3357678071440995 1
0.7120184567002696 6.4240061101957835 2
8.236992910227944 9.213644359365436 1
0.5950080797865431 6.382116792708581 2
7.356666413592082 1.9727678221224476 2
6.560788530400009 6.569493332453781 1
6.399741599236424 8.18102438531006 1
2.5227773178754376 4.651612071485286 1
4.463414551862971 8.637878924804257 2
0.43482017242961635 4.537940507013704 2
2.9168031811234973 6.340427319051444 1
5.209223739392842 1.2588328106580005 0
7.24504199330486 5.277688245393231 1
4.769629057883471 7.733481084574924 1
3.03493412449133 2.7368041430380554 2
3.486775296980942 8.469779516190151 2
4.032673494846394 0.985018064393498 2
4.336765500329226 2.747396388265526 1
3.8998557900470034 5.156876162166358 1
1.5372064474293867 7.833852120491219 1
5.752658521592827 9.88110290743384 2
7.469085449235081 6.052004315147752 1
7.06475970521245 3.9429251664787546 1
8.428398821847797 3.0248777914692973 2
2.6719924084945657 2.1476614749214296 0
9.321247133668765 5.948045975607711 1
5.944630281254849 6.198075021146064 2
8.145638448653056 4.034618655638718 0
8.408886759725775 4.508938651353747 1
4.9083958320940235 4.65896143380656 0
6.973684881117322 2.3572652532308283 2
1.8588270930467266 2.5048732206556803 0
1.6253240138725866 0.34991359912681763 0
5.861570417127375 9.151065682678167 1
6.446131213215044 7.5545508320353925 2
9.121832522060375 0.792018664829689 1
8.392750368114061 8.160375031380555 0
3.021706128205417 0.35273619894247155 0
9.230673526493613 4.0724564503207805 0
2.313279122790326 9.820859951472773 2
3.5383858768811685 1.07279919570904 1
1.1152407312331014 9.656991466881989 1
6.794433153822631 0.5017208359522263 1
0.8162267432239367 1.6443537878936243 2
0.13815244317926578 0.8851447784302247 2
7.710978342283939 1.6991109638058244 2
4.807921983763377 2.560853261173155 0
4.86711557033233 0.13519696942782988 2
0.8204199107523313 8.325888167585777 2
8.108543242883217 1.726913421457169 2
0.033243900065487164 9.615579189608571 0
5.291607599123679 7.715671063371446 2
9.843063332790333 8.49290253542833 1
4.9502978435680856 0.6362608572702433 2
6.488796262765 4.555696228442697 0
8.718135165062632 2.230845941988587 0
4.618700366267893 2.7670344173248127 0
2.6221481863987863 1.9201402716834737 0
8.666475572400042 8.891190878314928 2
9.469108531650507 2.3207822943074263 2
0.6614966713589332 1.5755139265086215 1
7.693448635678568 6.233825521971287 1
2.9469805206397393 1.4968200457813652 1
0.019244931806183807 6.53478792213334 0
9.951456634612143 6.0722113557519 1
1.8388295907217356 0.19571140255889685 2
4.703772422533545 5.806487537112096 1
2.152861592809361 4.961782623774166 1
7.058597562834821 9.745409068794332 2
9.919771834596737 4.384588015071664 2
2.4368384065783877 8.454092704071158 1
9.746496853042386 4.9593889458943154 0
8.403673161109591 0.8742067165817469 0
4.075079159129913 6.395338774286396 1
3.3640003167231014 8.145527998325193 1
7.83160420005676 9.983964615081057 0
9.50868435223463 6.962505564532675 2
7.720834475705325 0.9976728589726092 0
6.802164807215769 4.134488842023773 1
3.3283423903511453 3.3545483292144196 1
8.622576716475717 0.8985028095802283 0
7.801791465291204 2.826602663295356 1
1.9529692993353265 8.376490069464307 1
2.999856334827893 9.870361187291788 2
9.07561240458679 8.821362397956456 2
2.51338767018182 0.5848193481180275 0
3.491648839975523 5.538239244822573 0
8.523773839410039 2.245692124160189 1
